13	26	21	22
21	21	28	63
11	14	19	11
17	25	20	51
19	21	24	19
12	13	23	36
12	12	26	12
22	15	21	44
18	26	21	18
19	26	22	57
26	10	20	78
22	17	20	66
10	28	28	10
29	20	30	58
22	12	18	22
16	16	28	16
19	27	23	57
12	26	18	36
25	10	25	50
17	28	18	51
15	14	24	15
27	26	16	81
20	21	18	60
29	21	14	87
16	26	24	16
29	22	15	29
22	10	11	44
30	30	11	30
18	30	19	54
11	22	21	33
27	24	29	54
22	15	16	44
25	20	24	50
20	27	24	40
30	25	15	30
14	29	26	14
30	13	22	60
21	29	11	42
22	17	28	22
28	21	13	84
21	26	27	21
19	25	29	57
19	29	24	19
17	20	19	34
18	13	30	36
22	24	14	22
30	17	24	90
16	27	25	32
21	16	23	63
29	18	11	29
19	19	22	38
21	21	28	42
28	12	27	84
22	26	24	22
29	28	24	58
14	29	16	28
20	19	25	60
27	13	16	27
17	28	30	51
18	19	17	18
18	30	12	18
20	13	27	20
29	16	11	29
19	19	14	57
26	20	29	52
15	27	11	30
24	14	30	24
14	28	18	14
25	22	10	25
19	19	11	57
23	15	16	46
26	10	11	78
15	20	14	30
19	23	11	19
12	26	14	36
15	13	17	45
16	16	24	16
22	20	21	22
30	12	12	90
15	13	30	45
28	24	26	56
24	15	17	48
12	26	24	12
14	22	24	28
24	24	18	72
14	28	15	28
10	30	25	10
24	16	26	72
11	10	20	11
11	15	14	22
22	10	21	66
30	22	26	30
24	19	10	24
18	17	30	54
23	23	25	69
26	16	11	26
10	13	19	30
10	17	13	30
14	22	15	14
17	11	14	34
21	20	25	21
27	13	26	27
14	14	17	28
10	21	11	30
13	21	14	13
22	26	25	44
13	15	17	26
19	25	28	38
27	30	26	27
11	27	26	11
23	30	18	69
15	15	16	30
22	19	23	22
30	24	14	90
30	16	22	90
18	14	21	54
23	20	11	23
22	21	16	44
20	26	24	20
12	14	13	12
21	17	25	21
17	19	19	17
25	10	16	25
25	18	28	75
11	10	22	33
13	25	14	26
24	14	25	24
28	25	24	56
19	21	19	38
16	15	11	32
28	10	11	84
15	15	24	30
25	18	11	50
16	16	28	32
12	12	28	12
25	28	24	75
16	20	20	16
11	27	10	33
22	21	22	44
30	21	21	90
12	16	29	12
13	16	16	39
28	17	27	28
28	29	13	56
27	24	12	81
23	23	12	69
13	28	26	13
13	18	10	39
20	25	13	60
19	13	16	57
29	21	25	58
26	15	26	78
18	24	17	36
21	28	15	42
25	27	11	25
25	18	20	75
12	26	24	24
18	11	22	54
21	23	29	63
30	19	18	60
14	19	17	14
20	29	20	60
29	24	26	87
15	21	25	30
27	21	18	81
15	26	19	15
26	18	20	52
18	11	26	36
17	16	15	34
11	22	16	22
28	26	13	84
20	25	26	60
18	10	10	36
11	17	22	22
24	15	10	24
23	21	11	69
20	22	16	60
11	28	13	22
25	14	22	75
17	14	22	34
21	20	27	42
13	28	29	26
10	11	22	30
17	26	21	34
17	14	20	34
13	16	20	39
11	22	13	11
16	13	27	16
12	19	13	36
17	13	26	17
30	15	23	90
22	16	26	22
26	12	15	26
15	16	21	45
18	30	14	18
20	15	11	20
24	28	12	48
24	23	19	72
25	14	13	50
18	27	21	18
19	15	29	19
16	20	11	16
13	11	14	26
18	13	11	54
22	19	23	44
23	17	12	69
20	18	27	60
22	11	30	22
13	20	13	13
18	23	23	18
11	14	14	11
17	18	22	51
13	16	17	26
22	20	21	66
26	25	18	26
28	16	24	84
10	30	23	20
19	16	11	19
14	13	24	14
12	17	19	24
12	24	15	36
15	16	24	15
28	30	16	84
22	25	30	22
29	23	13	87
12	28	22	24
11	19	13	22
26	15	21	78
29	19	12	29
12	19	28	36
17	14	15	34
23	13	21	23
29	24	13	58
23	24	24	46
28	21	16	56
24	10	12	24
29	11	17	87
24	16	15	24
14	12	16	42
21	17	21	63
27	22	11	81
28	26	24	28
24	30	15	48
30	19	20	90
23	25	27	46
20	21	29	20
22	21	18	44
21	11	21	21
24	19	23	72
20	15	16	60
14	18	27	28
21	25	22	42
24	24	10	72
23	11	27	23
24	13	24	24
14	17	23	14
22	29	15	44
23	17	18	69
16	28	13	32
23	21	13	46
15	20	17	30
12	15	16	36
17	27	28	17
25	11	16	50
24	10	16	48
17	18	12	17
20	26	22	20
28	27	18	56
29	17	18	29
23	24	10	23
27	30	14	27
30	20	10	60
16	15	20	16
20	14	29	40
21	19	19	63
26	11	30	52
21	21	13	21
12	16	24	12
27	19	29	81
10	22	22	30
12	15	27	24
15	17	15	45
28	21	22	56
23	29	21	23
28	29	14	28
22	29	17	22
12	30	29	24
18	15	25	18
20	15	23	60
13	10	30	26
17	29	20	17
30	29	13	90
21	17	24	63
21	12	13	63
29	27	21	87
22	27	25	66
18	13	30	36
25	15	25	75
24	10	10	72
30	14	10	90
15	10	25	45
14	15	13	28
28	18	10	84
21	29	23	63
13	20	15	26
25	24	23	25
29	19	21	58
27	11	14	81
27	14	14	27
28	18	25	56
16	20	18	48
20	23	22	60
20	23	26	60
13	22	17	13
21	28	16	63
26	23	10	52
28	16	21	84
24	30	20	72
21	22	23	63
24	10	14	72
26	17	24	26
27	10	16	27
22	18	28	22
10	29	24	20
23	20	16	69
28	15	30	84
12	16	22	36
28	20	20	28
22	28	24	66
18	20	20	18
22	14	16	44
14	19	20	42
18	26	16	36
26	14	28	78
22	28	13	22
21	15	19	42
18	24	19	18
10	18	20	20
24	30	16	48
12	11	14	36
20	21	24	60
12	30	13	12
23	28	29	46
27	29	12	27
23	10	13	23
14	30	19	14
16	24	17	48
14	19	25	42
15	20	24	15
24	15	12	24
22	27	11	22
23	10	21	69
11	24	13	22
22	23	15	22
10	30	26	10
26	13	20	26
20	14	29	20
18	25	22	36
19	14	16	57
17	22	25	51
11	11	30	33
23	30	12	69
18	24	23	54
29	27	30	58
28	16	30	56
12	11	11	36
19	26	30	38
28	17	22	56
14	14	21	14
30	22	10	30
18	20	23	36
27	25	13	27
13	30	26	26
19	23	19	19
19	20	12	57
23	25	20	23
21	27	29	21
16	18	26	32
14	12	28	14
27	20	11	54
21	20	23	63
22	18	20	22
16	27	14	32
25	10	27	50
15	10	21	45
14	11	25	28
13	30	12	13
19	11	21	38
15	10	16	30
10	29	18	20
20	13	22	40
10	27	10	20
13	21	16	26
19	24	18	57
24	27	27	24
21	28	14	42
16	11	22	32
25	21	29	25
23	24	27	69
30	21	12	60
20	27	28	60
30	30	19	90
12	18	24	36
14	20	24	14
21	29	11	63
12	28	15	12
19	11	19	57
30	28	29	90
13	23	11	13
16	30	22	32
15	25	30	15
12	22	14	36
18	26	27	18
30	15	18	90
12	17	28	36
27	19	20	54
14	29	16	14
23	23	30	46
17	17	18	34
11	28	15	33
29	11	24	58
29	12	25	29
17	20	17	51
11	22	18	33
23	13	21	23
27	10	11	54
19	16	23	19
27	14	26	54
20	13	11	20
11	10	22	22
10	24	25	10
13	26	22	39
22	28	30	22
28	24	16	28
24	11	18	24
14	16	14	28
23	24	20	46
25	10	10	75
20	28	30	20
30	11	16	60
13	19	24	26
15	26	23	30
25	15	13	75
20	15	11	20
27	29	21	81
15	29	13	15
30	22	16	90
23	30	16	46
29	30	14	87
14	18	23	42
18	30	23	18
25	20	12	25
22	26	30	44
26	30	18	78
15	21	11	45
30	25	11	90
10	17	25	30
30	25	14	60
12	12	11	36
25	27	15	75
14	26	27	14
23	17	20	69
16	28	25	16
27	13	16	54
27	15	28	81
21	19	14	42
10	11	17	20
30	27	21	30
26	21	14	78
25	12	22	50
24	30	17	24
10	22	28	10
13	28	16	39
20	10	27	60
16	27	25	48
25	28	12	25
17	20	24	51
23	22	14	23
28	24	15	56
29	25	22	29
12	16	22	12
30	19	18	30
29	30	27	87
11	25	20	33
17	11	21	34
27	11	12	54
13	16	28	39
28	27	17	56
23	14	19	46
28	16	14	84
13	28	11	13
19	26	20	19
19	10	23	19
30	11	15	90
28	26	10	28
20	14	23	20
11	10	11	11
25	30	24	75
10	27	19	10
15	30	25	15
12	20	14	24
20	10	23	40
29	25	21	87
19	13	19	19
13	28	24	26
10	13	17	30
30	29	29	30
24	12	28	48
20	18	27	40
25	12	23	50
26	27	30	78
15	30	24	45
11	14	10	33
19	12	23	38
19	18	25	19
28	11	14	28
19	11	11	38
18	21	28	18
24	25	19	48
14	24	13	14
12	13	26	36
20	30	22	60
25	24	20	25
12	26	17	24
11	17	17	22
29	28	12	58
24	29	21	24
10	24	18	30
12	22	29	24
22	13	28	44
30	26	12	60
24	28	24	24
15	16	28	15
17	12	30	17
28	11	28	56
13	29	11	26
20	16	17	20
19	30	29	38
29	21	12	87
13	18	16	39
28	18	22	84
15	26	20	30
25	11	17	75
23	21	28	69
23	24	26	69
18	14	11	36
20	20	17	60
28	12	14	84
29	12	24	58
17	17	22	17
22	12	25	44
24	24	29	48
27	27	24	54
30	30	21	60
17	21	23	17
18	19	22	54
10	19	20	30
28	21	16	84
30	15	10	30
29	12	11	29
12	16	17	12
14	20	13	28
12	11	18	12
14	22	28	28
28	10	11	84
15	24	13	30
24	17	23	72
17	24	12	17
27	24	11	54
19	27	14	57
26	22	26	52
20	21	26	60
22	14	19	22
13	11	19	39
23	15	19	69
15	13	28	15
13	16	23	39
20	17	10	40
13	29	13	39
23	22	10	23
30	20	25	90
26	19	16	26
12	18	30	24
13	17	22	13
13	29	10	26
13	18	12	26
18	21	27	54
27	27	24	81
30	19	13	30
20	23	15	60
11	14	30	22
28	26	10	56
10	24	24	10
15	27	15	45
14	27	29	42
17	27	21	51
16	24	14	16
21	14	26	42
27	30	22	81
17	10	19	51
12	28	20	24
14	25	22	42
23	29	11	46
29	22	10	87
16	22	15	16
21	11	10	21
29	22	10	58
18	23	25	18
24	17	21	24
29	26	11	87
30	30	13	60
28	21	25	84
19	22	23	19
21	14	26	42
13	26	13	26
15	22	15	15
23	17	21	23
15	23	29	15
20	18	18	20
23	21	30	46
25	23	23	50
20	18	25	20
24	28	16	24
27	26	28	27
16	21	12	48
18	15	20	36
18	30	24	18
19	13	13	57
18	10	12	36
14	25	23	28
11	27	20	11
24	14	10	48
25	28	26	75
15	23	18	30
13	13	23	39
17	24	12	51
24	15	22	72
22	14	18	22
21	26	24	63
29	12	27	58
25	18	21	50
15	25	19	45
28	18	26	56
18	10	25	36
26	12	28	26
25	13	12	75
20	15	21	20
11	19	15	33
28	14	21	28
25	16	29	50
19	17	12	19
12	12	11	24
18	24	28	36
10	23	24	10
16	15	30	32
19	28	27	57
19	25	18	38
17	12	28	34
16	11	19	16
26	21	22	52
30	23	19	90
21	24	15	63
14	24	25	28
12	26	22	36
25	28	27	25
23	24	10	46
27	18	28	81
13	20	25	26
24	15	21	72
18	13	13	36
17	26	10	34
13	13	28	26
10	11	30	30
19	10	12	19
27	30	12	54
13	17	23	26
25	17	21	50
13	22	19	39
15	14	17	45
22	26	11	44
16	13	11	16
24	19	17	72
10	28	28	10
21	26	19	63
21	28	18	21
26	11	28	52
17	21	21	34
19	25	27	57
23	20	17	46
25	26	19	50
11	16	15	33
14	13	16	28
16	20	24	32
21	23	24	21
15	15	16	15
11	18	21	22
21	25	23	63
17	11	20	51
29	26	24	87
17	28	14	51
14	16	21	28
19	19	17	57
19	11	28	57
25	20	13	25
11	23	18	33
29	23	24	58
12	23	10	12
23	19	12	23
19	14	25	38
26	20	23	52
18	28	14	18
18	15	14	36
17	24	23	34
30	13	26	30
27	10	20	54
16	28	14	48
10	12	27	10
12	15	30	24
19	30	16	38
15	18	27	45
13	10	29	26
21	20	26	21
23	30	22	69
20	24	17	60
25	16	16	75
15	12	21	15
12	30	15	36
14	27	11	28
22	10	18	44
10	21	20	20
19	17	22	57
24	16	16	72
14	24	18	42
26	28	13	78
13	20	19	13
23	23	21	69
24	26	23	72
26	22	21	78
12	10	12	12
17	10	25	51
17	21	14	17
17	11	18	17
25	27	24	50
14	18	14	28
19	13	25	19
17	27	14	51
17	29	25	34
27	12	14	81
24	24	18	72
22	21	17	22
12	13	21	12
29	25	28	58
12	22	19	24
15	22	28	45
15	26	25	30
23	11	23	23
12	19	15	36
18	23	15	18
10	29	20	20
10	27	26	30
10	11	26	20
13	21	15	39
12	26	18	36
28	20	19	84
25	30	29	50
18	18	17	18
30	28	15	60
30	19	20	90
11	11	11	11
12	10	11	12
13	14	22	13
23	24	29	23
19	19	29	57
27	17	26	81
19	14	13	57
21	27	11	63
17	28	12	17
27	16	29	54
18	13	16	54
14	10	23	14
23	14	25	46
27	29	29	54
25	29	30	75
26	19	27	26
24	21	19	48
27	20	11	54
27	21	12	27
25	30	22	25
11	22	24	11
20	17	19	60
24	24	25	72
15	22	15	15
22	17	23	44
23	15	16	46
27	30	12	27
15	13	25	45
12	13	24	12
20	30	19	20
20	26	25	20
28	13	22	84
26	22	26	52
21	30	14	21
21	14	28	63
15	26	18	30
24	21	13	48
13	25	10	39
22	16	14	44
10	10	27	30
16	19	11	16
25	21	17	75
14	11	23	28
22	28	28	44
21	29	24	63
11	20	24	11
30	23	20	60
19	20	13	19
13	21	25	26
24	10	12	48
26	29	19	52
19	24	29	57
16	18	25	16
27	20	16	54
22	13	13	22
15	28	18	15
21	22	24	21
20	14	21	20
14	16	20	14
19	24	27	38
22	19	15	44
13	15	25	39
24	15	10	48
15	14	17	15
28	24	29	84
16	17	21	32
26	22	27	26
29	22	26	29
11	19	26	22
30	21	15	60
28	19	14	28
11	29	17	33
26	25	14	78
12	18	11	24
30	19	15	30
12	27	11	36
27	30	13	27
28	25	19	84
19	21	27	19
24	13	11	72
30	27	13	60
16	22	26	32
23	25	19	23
19	25	17	38
18	16	28	18
26	28	20	26
16	23	14	32
11	13	21	33
12	30	23	24
14	15	14	42
15	27	22	30
21	16	25	63
30	11	11	60
19	14	20	38
18	19	25	36
18	25	14	54
29	26	19	87
17	21	18	17
28	10	24	56
24	14	23	24
24	25	17	72
26	19	25	78
22	23	13	66
15	17	18	30
16	27	20	48
25	21	27	75
27	13	30	81
10	21	25	30
25	23	29	75
30	25	13	90
14	17	13	42
30	27	28	30
26	25	29	78
24	27	28	24
27	28	15	54
22	27	21	22
10	12	13	20
27	25	10	54
12	26	25	12
16	16	28	32
22	19	22	22
18	28	13	18
21	21	16	63
26	19	30	52
16	30	24	32
22	12	19	66
14	19	16	14
25	29	12	50
22	25	22	44
27	22	14	27
20	13	28	40
14	12	27	28
13	12	12	26
13	12	24	13
13	28	15	39
15	20	26	45
19	16	29	19
24	24	15	24
13	23	16	26
28	14	24	56
24	16	30	72
12	18	10	12
22	21	24	22
23	23	16	46
18	29	25	36
17	27	13	51
27	20	16	27
13	25	19	13
12	30	18	24
11	18	17	33
30	24	21	60
21	17	11	42
13	14	16	13
20	15	11	40
10	10	25	20
26	18	13	26
16	14	21	48
25	17	16	50
21	13	25	42
26	20	17	78
26	26	28	78
29	20	26	29
27	28	13	27
18	25	16	18
22	11	16	66
28	20	27	28
23	24	21	69
30	18	30	90
25	27	27	75
17	24	16	34
12	23	28	24
27	11	18	81
10	12	30	20
10	29	24	30
13	24	29	39
23	29	19	46
24	23	26	72
16	21	20	16
20	13	23	40
21	28	30	63
25	14	27	50
15	18	27	30
12	13	11	24
30	26	20	60
26	29	30	52
28	22	13	56
22	18	28	22
10	26	14	20
14	29	19	42
28	23	17	28
17	21	16	17
22	26	13	44
18	14	14	18
14	25	22	14
14	15	21	42
10	15	29	30
16	23	17	32
27	25	17	27
29	22	13	29
27	26	19	54
29	17	12	58
28	20	23	56
19	11	19	19
28	25	24	56
17	26	25	17
12	13	29	24
18	30	25	36
29	16	30	29
27	20	15	54
13	20	22	39
30	17	11	90
18	16	21	36
26	29	26	78
28	22	25	84
18	29	25	54
27	30	10	81
18	21	30	18
22	10	28	44
21	23	26	42
23	21	18	46
26	18	24	78
16	25	24	48
17	10	23	51
10	26	20	30
11	16	28	11
23	26	16	23
13	30	10	39
16	18	21	48
27	23	11	27
25	14	10	25
17	24	20	17
13	12	11	39
20	12	23	20
22	20	22	22
27	28	12	81
25	10	27	25
18	11	27	18
19	10	15	19
21	23	17	21
14	24	29	42
10	18	20	10
25	27	25	75
21	23	24	63
25	24	19	75
27	14	24	27
16	26	20	48
13	18	25	39
11	12	13	11
14	10	22	28
22	12	12	66
27	20	29	81
18	23	24	54
12	15	25	36
19	20	17	19
18	10	24	18
10	18	27	30
15	25	26	45
14	29	23	14
30	11	23	60
22	27	14	22
10	24	11	30
12	13	27	12
10	12	23	10
11	16	15	22
15	13	18	15
21	21	24	63
30	28	29	90
26	11	27	78
26	30	25	52
18	15	27	36
22	20	23	22
28	29	30	84
27	29	14	54
29	13	26	29
27	26	16	27
15	18	14	30
23	13	23	46
18	22	27	54
19	14	25	38
25	24	17	25
24	13	22	24
11	27	16	33
16	22	10	32
13	24	17	26
18	25	27	54
22	20	13	44
19	30	14	19
19	14	14	57
30	22	13	30
18	28	29	18
22	17	13	66
30	10	28	30
19	29	12	38
11	21	15	22
12	25	26	24
19	19	25	38
15	11	16	30
22	25	19	22
18	18	23	18
18	28	24	18
18	22	24	18
20	14	21	60
20	21	22	60
16	13	27	32
17	10	30	17
16	10	29	16
30	24	13	60
24	27	22	48
15	12	28	15
22	18	17	66
12	30	11	12
25	26	15	25
19	20	30	38
29	25	24	87
13	26	17	39
15	16	11	30
21	13	12	42
12	28	28	36
24	14	12	48
10	19	26	30
22	24	21	22
10	23	20	10
23	11	27	23
17	11	20	34
13	13	29	39
29	23	22	29
20	15	30	60
16	16	16	16
18	22	14	54
18	17	23	36
24	17	21	48
30	27	13	90
27	12	30	27
19	28	14	57
24	21	30	72
27	19	17	81
29	28	19	87
28	28	10	56
22	19	11	22
22	22	11	44
27	15	11	54
29	22	13	87
16	27	17	16
16	10	11	16
26	17	28	52
15	16	17	45
24	17	29	72
17	20	28	34
26	11	23	78
30	15	27	30
19	30	20	19
22	22	24	22
21	23	10	63
14	28	30	42
21	27	26	42
18	12	15	54
13	20	30	39
28	12	10	84
28	27	17	28
10	22	22	20
22	20	26	44
11	30	15	22
28	16	30	56
24	30	24	48
12	14	25	24
26	29	22	26
19	15	13	38
26	13	18	52
25	10	21	75
16	19	20	48
23	10	17	23
30	14	14	90
15	21	18	45
16	18	27	32
16	11	12	48
11	22	26	33
12	19	15	36
15	19	21	45
11	30	22	22
13	26	30	39
13	23	12	13
30	19	20	90
17	18	23	17
26	29	22	78
23	27	28	23
20	10	29	40
12	29	12	12
22	24	29	44
27	23	30	81
20	23	12	20
16	11	23	16
29	11	29	29
15	26	16	45
15	15	19	15
10	23	25	20
22	25	28	66
30	11	30	60
14	20	19	28
10	24	28	30
30	22	10	90
26	30	16	52
11	25	23	22
21	14	28	42
15	30	22	15
26	11	21	78
23	19	24	46
25	21	16	25
13	16	11	26
30	17	11	60
11	21	20	33
19	24	19	38
21	14	10	21
13	30	16	13
16	11	12	32
30	18	29	90
30	20	17	90
24	19	21	24
23	23	13	46
28	21	16	56
13	20	24	13
28	20	10	28
16	18	16	48
27	17	26	81
15	19	18	15
28	24	22	28
30	16	25	90
19	18	14	19
16	12	29	16
13	12	18	13
13	22	14	26
10	10	18	20
21	24	17	21
22	25	20	44
18	14	11	18
25	17	26	25
18	23	28	54
18	29	25	36
28	11	10	56
18	20	13	54
21	25	30	21
24	15	28	72
26	13	28	78
29	16	25	87
14	15	25	28
25	19	11	25
20	12	12	60
11	13	11	11
23	18	11	69
19	14	10	38
26	24	13	52
10	19	30	10
15	19	27	45
12	11	11	36
24	25	26	24
27	13	11	81
16	16	16	48
10	13	11	10
29	27	26	87
23	14	20	23
30	13	12	30
15	28	15	45
19	19	12	19
15	24	29	15
18	29	14	18
15	16	10	45
11	12	18	11
14	16	20	42
21	23	11	21
14	26	14	42
15	28	29	30
15	21	17	15
22	20	18	66
21	18	10	21
28	20	20	56
14	24	12	42
25	22	25	50
25	29	30	25
23	28	10	69
25	30	10	25
13	17	17	39
16	25	15	16
22	26	23	22
27	24	30	81
16	24	23	48
21	17	17	63
20	30	29	20
20	15	18	20
30	10	16	30
16	29	14	32
20	13	25	40
14	14	21	14
23	13	20	46
13	13	18	13
20	27	22	40
22	13	22	44
28	28	19	28
20	18	20	60
28	29	22	28
24	28	28	24
19	20	29	38
14	10	14	28
25	24	24	50
15	17	21	30
16	30	27	48
19	11	15	19
18	30	10	18
23	10	20	23
30	17	26	60
16	17	26	16
26	29	25	78
28	11	12	28
26	28	28	78
21	19	20	21
30	18	24	30
21	27	21	42
14	11	24	14
26	21	29	78
23	15	26	46
25	20	27	25
23	24	15	69
16	28	18	48
23	14	23	46
14	11	25	42
27	20	27	81
22	20	27	66
21	15	19	21
27	15	18	27
15	28	25	45
25	12	11	50
25	11	30	25
27	24	14	54
21	10	30	21
12	16	25	24
12	10	24	36
20	27	26	20
29	13	26	87
29	22	14	29
12	24	25	24
12	20	10	36
26	22	17	52
15	14	24	45
17	14	23	34
19	25	28	38
14	28	27	42
23	30	29	46
21	25	23	42
14	19	22	14
14	25	30	42
30	23	28	60
21	25	21	63
17	22	11	17
15	19	20	30
21	28	19	63
30	14	19	30
13	22	26	13
14	26	24	42
16	23	26	32
12	26	23	24
14	29	30	28
23	18	13	23
14	28	11	14
10	10	24	20
19	30	20	19
16	30	23	16
21	30	26	21
12	29	20	12
12	26	23	12
19	18	14	38
27	19	21	27
30	13	22	90
13	10	26	26
14	18	21	42
25	28	29	75
18	20	18	54
20	23	25	40
16	22	16	16
11	22	22	33
26	30	17	78
18	30	27	18
10	25	26	10
10	24	16	10
19	24	27	19
13	14	13	26
15	15	27	30
19	14	11	57
16	19	21	16
10	18	22	30
29	20	21	87
13	13	23	39
24	18	19	72
20	12	30	60
24	16	15	48
13	30	16	26
20	13	17	40
20	27	16	60
28	30	28	56
18	24	15	18
12	18	14	24
18	27	25	36
25	19	15	50
15	14	12	45
24	16	18	72
11	12	27	11
14	18	11	14
10	25	19	10
12	30	11	12
18	22	28	36
15	23	27	45
30	18	19	90
10	22	27	10
14	30	20	42
14	24	16	28
15	22	21	15
19	18	15	38
23	11	25	69
30	18	26	90
19	23	18	19
11	14	23	11
25	23	23	25
21	14	23	63
30	25	30	60
19	22	30	19
29	19	24	87
18	21	12	18
17	12	11	17
12	14	21	24
19	10	26	57
23	24	29	69
17	15	25	17
24	27	13	48
29	18	23	58
15	11	27	30
22	22	21	22
19	19	21	57
25	30	13	50
25	18	20	75
19	16	23	38
12	26	23	12
11	20	21	22
26	11	29	52
11	25	30	22
30	13	17	30
10	23	19	20
12	13	12	24
11	26	13	22
16	18	20	32
28	30	30	28
14	25	25	14
26	13	13	78
26	26	15	52
17	22	24	17
14	10	14	28
28	22	12	56
23	22	14	46
30	14	30	60
16	22	15	32
27	17	16	27
21	27	14	42
23	14	28	69
12	10	26	36
21	18	13	42
26	11	23	26
20	19	22	60
15	30	17	45
25	12	20	25
23	15	10	23
24	24	23	48
17	19	17	34
10	13	16	30
14	25	12	42
19	12	18	38
27	19	13	81
10	24	14	20
19	21	17	57
17	19	11	51
27	24	23	27
21	12	27	21
27	20	17	54
30	18	21	90
27	13	13	81
18	23	19	36
18	15	13	54
18	13	25	54
18	28	30	36
17	23	17	17
29	16	12	58
10	30	30	20
21	19	25	63
19	25	27	19
29	15	10	87
20	19	14	60
20	26	14	40
13	18	16	26
11	28	13	11
28	27	29	56
15	26	11	15
16	17	22	16
16	22	20	32
27	26	17	27
16	28	18	48
26	25	18	52
10	15	20	20
18	16	17	54
16	17	19	16
23	23	26	46
13	26	20	39
18	23	30	36
24	11	15	72
19	20	26	57
13	10	19	13
16	11	18	48
17	26	21	17
15	10	19	45
22	22	20	66
24	27	13	72
30	11	13	30
16	13	27	48
15	11	16	15
19	29	14	19
25	23	13	25
12	22	19	12
23	16	29	46
22	14	14	44
20	15	16	60
26	23	26	52
18	18	23	36
16	20	16	32
26	22	17	78
11	23	28	11
24	14	30	24
23	10	12	23
16	10	15	48
18	21	12	54
17	14	22	17
17	17	27	34
29	27	20	58
15	14	22	30
11	28	19	33
11	24	21	11
14	28	25	28
21	15	27	63
25	18	11	50
21	29	25	63
20	30	29	40
23	19	11	69
29	20	15	29
10	24	24	30
17	25	29	51
18	13	20	18
15	17	24	15
30	17	15	60
24	13	12	48
16	23	15	48
16	19	21	48
11	30	12	22
17	12	10	51
18	25	14	36
13	27	25	13
30	14	16	30
25	18	28	50
24	24	14	24
18	13	14	36
21	17	13	21
27	30	11	54
29	30	21	58
14	25	18	28
11	18	26	33
20	16	13	40
24	21	26	48
22	16	16	44
12	27	11	12
26	28	29	26
26	25	20	78
20	30	28	60
29	12	18	29
28	13	18	28
27	18	11	54
29	20	21	29
23	30	14	69
11	21	13	11
11	22	15	33
25	28	14	75
24	14	22	72
21	16	17	21
12	23	21	24
30	17	25	90
20	14	16	20
28	23	20	84
24	18	13	24
21	12	28	21
15	10	27	15
13	23	12	26
14	23	22	42
12	25	13	24
28	14	19	28
19	27	30	57
13	18	23	39
23	30	10	69
26	27	27	78
18	23	20	18
16	14	11	32
27	17	17	54
30	25	29	90
24	16	24	72
26	25	23	26
29	16	16	87
11	16	22	11
28	21	30	28
10	23	24	30
18	11	29	36
16	27	14	48
11	25	27	33
21	12	16	42
18	10	12	36
19	21	20	38
26	25	15	78
14	16	21	28
16	19	15	16
30	24	18	30
28	22	17	56
29	23	22	87
14	12	19	28
11	26	19	22
19	28	13	38
19	30	22	57
17	12	23	17
27	28	20	81
25	22	23	50
27	10	24	81
26	29	19	52
16	14	25	48
26	18	14	26
24	17	24	24
17	14	19	34
13	24	15	13
28	16	10	28
24	27	27	48
16	14	26	32
17	22	23	34
18	23	14	36
21	23	13	42
27	30	23	54
24	29	14	72
12	24	10	24
19	11	12	38
22	11	24	66
28	22	23	56
29	28	12	58
23	27	27	69
12	20	20	12
12	26	17	12
16	18	13	32
27	21	11	54
15	19	11	45
20	21	29	40
19	16	19	19
13	15	18	26
28	11	21	28
19	16	18	19
19	30	11	19
19	27	26	19
29	15	10	29
28	17	22	84
15	29	29	45
18	25	17	54
27	25	19	54
21	21	21	42
18	26	16	36
29	29	18	29
22	12	12	22
10	30	27	10
12	22	16	36
17	17	24	17
14	18	12	42
23	29	20	69
20	15	24	20
27	12	26	81
29	14	17	58
26	23	28	78
22	19	16	22
13	11	22	26
14	22	23	28
26	29	25	26
13	12	30	13
30	26	29	30
29	15	11	29
11	23	25	11
29	13	24	87
20	23	14	20
13	19	17	26
19	19	21	19
28	18	26	56
23	14	24	69
22	25	28	22
11	24	24	11
25	18	16	50
28	13	20	28
23	17	29	23
18	22	10	18
12	20	28	12
19	19	29	38
14	16	25	14
28	30	16	84
25	25	10	25
17	21	18	34
19	30	17	19
24	25	29	72
16	15	30	16
26	14	11	78
19	12	23	57
26	22	23	26
21	10	14	21
19	24	26	38
30	14	14	60
10	20	18	10
28	14	14	84
19	10	26	38
19	30	22	19
19	29	10	19
13	26	20	13
17	15	17	17
23	27	17	23
18	11	18	18
23	14	30	23
12	19	22	24
22	12	20	44
18	16	13	36
16	11	25	32
19	26	21	38
13	29	17	39
23	24	22	23
11	19	16	11
21	25	24	42
14	17	15	28
24	20	14	48
17	16	20	51
25	12	17	50
23	12	12	23
10	17	24	10
19	26	20	38
26	23	11	52
18	16	26	54
29	18	14	58
11	10	23	22
23	21	24	69
15	23	30	30
16	15	24	32
29	10	10	29
12	17	20	24
17	25	16	51
16	15	15	16
15	28	16	45
14	20	12	28
24	24	18	48
27	29	25	81
12	22	26	36
24	16	26	72
13	28	26	39
16	25	23	48
21	30	10	42
18	22	30	36
13	12	26	13
30	28	20	60
17	17	11	51
30	15	24	60
12	19	24	24
28	28	22	56
27	15	28	81
17	12	19	17
26	28	24	26
26	15	29	26
18	22	27	54
15	20	15	45
16	25	30	16
24	28	12	24
20	24	29	20
14	20	26	14
17	28	30	34
11	16	24	22
20	20	27	40
21	30	12	42
14	21	22	42
13	15	17	26
27	17	30	54
28	14	20	84
13	17	24	39
28	22	19	56
10	27	11	20
25	28	11	75
25	22	22	25
11	26	19	22
24	11	17	72
28	30	14	28
28	14	18	28
10	20	29	30
17	21	17	51
15	21	12	30
19	13	16	38
24	17	19	24
25	15	13	50
24	22	16	24
22	23	20	66
24	22	14	72
13	24	28	13
20	25	28	20
21	24	24	63
13	21	25	39
26	17	12	52
23	20	26	69
29	18	10	87
18	27	24	18
14	12	23	14
29	21	19	29
15	14	26	45
24	18	10	48
13	29	29	26
12	21	20	36
14	14	24	14
12	15	19	24
18	12	13	18
16	15	18	48
27	25	20	54
27	18	25	27
18	14	12	36
14	17	30	42
27	29	10	27
26	14	12	26
18	20	26	36
25	18	21	75
28	22	26	28
30	13	26	30
12	10	14	36
24	27	15	24
11	25	26	33
13	28	20	39
22	20	10	66
25	19	19	50
17	16	27	17
17	27	26	17
12	24	14	36
19	22	28	19
14	20	13	14
11	21	30	33
20	29	21	20
28	14	19	84
16	27	25	16
13	14	20	26
18	21	28	18
16	19	27	16
30	20	20	30
17	26	26	34
27	11	12	54
30	26	22	30
12	11	22	36
17	10	18	51
19	28	30	38
18	23	29	18
16	19	24	32
10	18	19	10
11	27	29	33
19	13	24	38
16	20	30	32
27	30	29	54
18	19	14	54
15	19	23	15
22	29	25	22
28	16	20	56
30	22	12	90
16	23	13	48
13	15	25	39
29	19	23	87
17	30	15	51
28	13	21	28
22	11	25	66
14	21	29	42
14	19	27	14
25	15	24	50
22	27	19	22
11	20	23	33
24	19	15	72
15	17	11	45
21	18	24	21
11	18	10	11
23	12	19	69
22	21	20	66
23	17	29	23
26	17	19	78
19	25	22	57
21	15	20	42
15	13	12	30
22	24	12	22
15	10	21	15
17	27	24	51
17	24	27	51
20	21	11	60
28	25	30	84
13	10	14	39
30	15	10	30
26	21	15	26
16	16	20	48
14	10	27	42
14	20	15	42
28	25	16	84
25	13	13	25
18	29	23	36
13	30	20	13
10	18	14	20
29	15	21	87
24	26	13	24
24	25	26	48
23	14	18	23
22	15	12	44
27	24	11	81
11	26	29	33
16	30	14	48
14	19	27	28
27	14	13	81
12	23	25	36
29	15	19	87
30	27	23	30
14	12	17	28
27	28	21	81
10	10	16	20
11	24	25	22
18	16	12	54
10	30	13	10
20	18	28	20
23	22	16	69
28	10	30	28
30	29	12	30
11	14	14	33
22	10	13	66
11	27	22	33
22	11	25	22
27	13	19	81
20	17	22	40
10	29	19	10
11	28	24	22
11	28	14	22
28	18	16	56
19	29	26	57
28	10	25	84
18	24	22	18
26	18	23	26
17	26	10	34
12	20	25	12
23	28	26	69
18	25	27	54
14	29	19	14
29	14	19	58
24	22	13	24
25	10	11	75
23	17	11	46
17	25	13	17
28	25	12	56
15	17	26	30
24	22	23	48
10	26	29	30
22	27	17	44
10	21	18	30
23	12	16	69
28	13	30	84
23	17	15	69
28	28	16	28
23	27	28	46
14	16	13	42
12	29	29	36
19	27	12	57
21	19	17	42
10	27	21	20
25	20	10	50
20	30	23	20
17	20	16	51
18	10	21	54
14	14	19	42
18	11	18	36
14	14	26	28
14	29	21	14
28	30	22	84
29	27	29	58
23	16	27	23
30	29	23	60
18	20	24	18
26	20	17	78
12	18	28	36
28	10	12	56
11	11	15	22
23	20	21	23
21	20	21	21
27	22	26	81
26	12	12	26
16	19	27	48
30	26	18	60
15	14	25	15
30	26	13	90
15	14	11	15
16	20	12	48
23	16	17	46
30	28	12	90
12	13	27	12
16	21	26	16
13	30	13	13
15	13	26	45
22	10	20	44
14	24	22	42
10	24	29	10
21	15	16	21
21	27	15	21
27	19	23	27
16	29	15	32
13	29	21	39
22	21	20	66
23	20	17	46
26	28	21	52
21	24	26	42
10	10	28	10
25	17	15	50
28	13	16	28
23	16	16	69
24	22	25	48
25	26	14	50
29	26	13	29
28	25	29	84
19	19	25	57
23	12	17	69
21	27	10	63
19	10	19	19
26	13	20	52
12	28	16	12
30	10	22	30
19	29	13	38
20	15	14	20
22	30	20	66
17	11	16	17
19	12	25	38
30	28	13	30
19	12	22	19
30	22	27	60
22	27	26	22
10	16	10	10
21	23	26	42
28	26	19	84
17	26	12	17
27	17	14	27
14	29	24	14
16	29	24	16
11	25	28	22
29	30	16	58
20	20	20	60
28	10	18	84
10	12	25	30
12	30	15	12
20	10	29	20
12	17	26	24
26	15	28	26
10	29	25	30
22	26	11	66
21	11	25	42
28	23	27	56
24	23	21	24
11	29	15	11
11	13	19	33
30	10	12	90
29	16	11	58
25	27	27	25
26	28	11	78
22	27	13	22
12	14	17	12
23	10	10	69
20	25	11	40
16	20	15	48
10	16	25	10
21	26	24	42
26	24	10	26
13	27	14	39
24	26	12	24
13	25	13	39
29	28	21	58
17	27	28	34
24	17	17	48
18	25	25	18
24	27	12	24
15	13	16	30
12	22	18	36
25	10	13	25
13	12	22	26
17	23	26	34
25	18	23	50
10	29	27	30
16	27	18	48
23	25	28	69
17	16	26	51
30	25	27	30
12	22	16	12
11	30	19	22
16	17	28	16
23	19	11	69
18	22	26	54
26	24	29	26
17	20	24	17
12	20	16	24
24	23	19	24
21	27	13	21
25	14	28	75
24	23	13	72
14	11	15	14
15	21	24	30
30	11	19	60
28	22	14	56
12	18	23	12
19	23	22	57
23	15	24	23
18	21	18	18
13	29	19	26
30	27	13	90
17	21	11	34
27	26	16	27
15	30	17	45
15	12	28	15
18	29	13	36
26	27	19	52
11	17	11	22
28	19	27	28
22	24	21	44
28	22	24	84
30	10	21	30
13	30	28	26
17	30	17	34
20	16	25	40
17	10	22	51
17	29	25	17
21	20	22	21
18	14	13	54
19	26	25	19
13	23	23	39
24	15	20	24
26	21	10	26
21	12	21	63
17	14	13	51
30	30	19	60
17	14	19	51
26	13	17	26
10	21	17	30
16	13	23	32
12	26	24	24
21	29	16	63
30	24	27	30
18	25	29	36
21	28	12	42
13	25	22	13
28	12	12	56
22	18	28	66
13	15	18	39
29	26	12	29
23	12	14	69
28	27	30	56
11	18	16	22
19	22	30	19
28	18	25	84
14	25	27	28
13	28	11	13
27	14	19	54
28	24	16	56
15	10	20	30
19	27	30	38
21	13	16	42
27	22	24	54
28	30	27	84
17	25	21	34
14	15	15	42
29	13	29	29
12	17	19	12
30	28	11	30
28	13	25	56
16	24	21	48
15	23	12	45
12	10	16	24
25	26	13	50
19	21	30	19
18	17	28	18
11	24	17	11
22	30	25	66
26	21	14	52
11	29	16	33
12	12	16	24
14	10	23	28
27	20	14	54
20	10	12	40
22	18	24	66
15	30	29	15
28	28	14	28
16	16	20	32
25	25	10	50
30	27	28	90
18	22	20	18
16	28	19	16
24	22	11	24
25	21	26	50
15	11	20	45
20	26	15	60
17	22	28	34
16	16	16	16
26	24	27	78
24	28	21	72
26	12	13	78
20	24	23	20
10	24	26	10
22	23	27	22
21	25	12	63
27	22	27	54
24	14	13	72
16	22	29	32
13	20	15	39
18	23	23	36
17	30	24	17
21	16	23	42
22	17	17	22
17	24	29	51
29	22	23	87
23	11	14	23
18	25	25	18
24	17	16	72
27	28	15	81
22	25	27	66
13	10	19	26
22	24	18	22
24	18	21	48
14	25	30	14
10	10	28	10
22	26	30	44
14	19	28	14
29	26	12	29
27	30	25	81
21	23	30	21
14	28	12	28
21	23	11	63
24	28	30	48
13	12	13	26
13	11	15	26
29	11	20	87
21	29	17	42
21	10	13	42
20	11	11	20
15	29	12	15
25	14	14	75
24	17	23	48
26	28	13	26
12	14	17	12
27	26	28	81
14	15	29	28
27	17	14	27
26	17	13	26
19	17	20	19
14	20	13	28
29	29	21	87
21	29	17	21
24	19	24	48
25	28	22	25
17	19	10	51
11	14	16	33
25	29	25	25
13	18	16	13
20	26	10	40
17	18	28	51
27	10	28	81
13	14	15	13
22	28	15	44
23	23	21	23
24	25	15	48
20	17	28	60
14	29	14	14
18	14	18	36
27	10	21	81
19	23	13	38
10	21	26	30
20	24	12	20
12	16	16	36
24	26	19	24
16	15	10	16
10	30	28	30
22	22	24	44
25	15	25	50
19	25	24	38
17	23	13	34
28	15	27	28
17	10	20	34
27	26	29	81
25	22	20	75
11	28	11	22
14	14	27	14
20	23	10	60
12	20	16	36
21	12	14	21
29	22	24	58
29	18	15	87
15	11	15	45
18	30	26	54
22	15	21	44
19	22	29	19
10	19	30	20
18	28	15	54
10	25	17	10
19	22	25	57
13	22	23	26
24	13	10	72
28	22	25	28
17	29	17	34
10	28	30	30
12	25	12	24
30	26	11	60
21	21	27	42
26	22	19	52
30	29	21	30
13	16	11	13
22	11	25	44
23	14	12	46
11	21	19	22
19	14	20	38
20	13	26	20
21	23	21	63
23	28	18	23
23	25	25	23
19	17	13	19
12	13	15	24
24	26	22	72
14	29	15	42
25	16	28	75
22	19	29	44
10	29	15	10
18	12	27	36
19	18	29	19
28	11	16	84
15	14	11	45
22	23	15	22
23	12	30	23
12	10	13	12
28	23	26	28
28	22	23	28
11	23	27	22
15	17	11	15
13	20	16	26
24	11	29	72
12	14	28	36
12	16	26	36
23	10	29	23
26	17	24	26
25	10	13	25
10	18	19	10
12	26	17	12
27	16	17	81
22	29	25	66
29	22	25	58
17	21	20	17
23	18	10	23
27	24	27	27
14	17	25	42
25	18	17	75
14	15	18	14
29	25	27	87
20	20	28	60
11	28	13	33
24	20	16	48
21	22	12	42
30	18	14	60
11	15	28	33
11	23	25	22
18	21	11	36
16	12	19	32
19	28	30	38
12	27	18	36
29	24	16	29
23	11	24	46
21	12	10	42
15	26	12	45
28	14	20	56
18	12	27	54
27	12	17	27
20	23	30	40
22	23	21	44
15	18	14	15
25	18	18	75
16	22	17	16
22	19	20	44
15	28	22	30
17	13	12	34
16	13	29	48
30	11	28	60
10	26	30	30
28	27	26	28
18	18	25	18
20	24	22	20
17	11	18	34
23	17	30	23
21	25	30	42
14	16	18	28
12	23	18	36
10	10	13	30
13	25	25	13
14	19	15	28
16	16	21	32
15	21	27	45
10	10	16	30
17	21	29	51
17	27	18	34
18	13	29	18
20	23	29	60
17	28	16	17
13	29	28	26
10	22	20	30
11	20	30	22
27	15	15	27
17	14	28	51
10	10	13	20
28	13	24	56
25	20	12	25
18	14	18	18
28	30	27	56
24	16	11	72
10	12	22	10
28	20	26	84
20	21	16	20
23	20	20	46
20	18	14	20
25	28	26	25
16	16	18	32
22	25	18	22
13	29	15	13
20	29	29	40
19	16	10	19
11	27	24	33
24	26	23	48
30	30	14	60
26	12	18	78
27	21	23	81
19	10	28	38
25	12	17	25
13	19	15	13
17	25	10	17
13	26	19	26
30	25	16	60
20	17	28	40
17	12	17	34
21	14	13	21
29	11	21	87
19	27	11	57
25	29	20	75
10	26	14	10
18	12	18	54
19	26	10	57
19	11	24	38
21	19	10	21
24	13	15	24
29	29	12	29
18	24	21	18
23	17	15	23
13	27	20	13
23	17	28	23
30	20	20	30
14	12	17	42
22	25	14	66
10	22	25	30
27	22	21	27
16	18	20	32
10	17	10	20
17	28	11	51
29	23	16	87
27	11	20	27
24	25	28	24
13	11	17	39
24	16	23	48
13	19	13	39
24	30	26	72
13	19	24	13
29	24	19	58
14	17	14	28
30	19	24	60
15	17	17	15
20	21	11	20
11	16	18	22
10	24	19	20
19	16	12	38
10	25	19	30
28	27	23	28
13	19	18	26
21	26	25	63
24	22	30	72
19	14	26	38
17	14	26	34
16	27	20	48
24	28	22	48
16	27	28	16
11	12	26	33
23	11	19	69
12	16	28	36
23	19	22	46
14	18	10	28
25	20	28	25
16	20	16	32
29	23	19	87
22	30	25	44
18	13	12	36
30	10	28	30
20	26	10	40
20	25	29	20
20	14	17	40
29	12	23	58
30	29	30	60
17	21	27	34
21	10	22	42
24	23	19	24
29	14	27	58
15	10	15	45
14	15	17	42
10	18	20	20
20	24	28	20
30	15	12	30
27	10	19	54
27	25	20	27
25	17	25	50
16	26	30	16
29	11	21	29
27	27	17	81
16	17	15	32
29	28	26	87
30	28	27	90
20	17	12	20
10	10	28	20
16	15	24	48
16	24	21	16
22	27	26	44
28	14	19	28
19	10	16	57
25	23	17	75
25	20	21	50
21	29	30	63
28	25	12	84
25	17	17	25
23	12	18	69
25	13	19	25
18	26	15	54
19	27	12	19
20	18	15	20
23	16	13	23
13	28	28	26
23	26	16	23
20	19	11	60
30	16	16	30
25	18	12	50
16	14	16	16
22	12	23	44
23	25	30	23
20	19	11	20
21	20	10	63
24	18	21	48
17	13	22	17
10	25	21	10
22	28	18	66
17	29	21	34
19	27	14	57
25	29	23	50
29	25	10	87
12	17	27	36
23	30	18	23
15	16	10	15
24	30	12	48
26	21	24	26
23	16	14	23
13	28	18	13
16	25	13	16
16	10	26	16
24	11	16	48
27	27	13	81
27	27	17	81
21	20	24	21
29	12	26	87
26	21	26	78
18	15	17	18
26	10	17	78
25	30	14	50
24	20	14	48
20	23	15	20
25	25	13	50
22	23	25	22
10	30	10	10
28	11	25	84
15	25	25	45
25	11	29	50
22	17	11	66
29	25	16	58
25	26	28	75
25	12	30	50
22	19	15	22
27	15	25	54
11	26	21	22
27	20	16	81
13	27	24	39
20	21	28	20
26	15	13	78
16	13	18	48
16	14	10	16
21	16	11	42
29	23	20	58
27	17	29	27
17	30	16	34
15	24	11	30
21	22	27	21
17	19	22	34
17	16	27	17
23	11	12	46
21	22	14	21
26	23	21	78
27	24	30	54
19	13	26	19
10	22	14	20
16	25	15	32
12	10	27	36
14	20	23	42
19	11	29	38
14	19	18	42
11	15	15	11
15	23	10	45
16	21	19	48
20	21	25	40
13	17	28	13
25	22	24	75
23	11	16	69
10	28	26	10
13	20	22	39
15	14	25	15
18	15	27	18
15	26	21	30
14	11	15	28
25	19	23	75
19	21	29	19
16	25	19	48
12	26	26	36
26	14	26	26
19	28	14	57
27	26	14	81
18	25	30	36
15	17	20	15
20	15	16	40
28	28	22	84
25	21	16	50
26	20	21	78
16	12	19	16
25	22	20	50
25	10	25	75
10	23	25	20
21	28	13	63
22	15	21	44
17	20	30	51
18	16	25	18
27	11	13	27
26	15	17	78
11	10	15	11
12	29	23	24
25	16	30	50
20	14	12	60
15	12	13	15
23	15	26	46
23	27	25	69
25	23	29	75
24	26	15	48
13	25	10	13
13	17	24	26
22	29	29	44
14	15	30	28
19	14	25	38
28	30	14	84
13	14	19	13
25	18	14	75
15	12	14	15
27	16	26	54
17	25	12	34
17	26	12	51
27	22	12	81
20	28	26	40
13	21	16	26
28	28	24	28
20	22	19	60
20	21	27	60
24	19	12	48
15	27	24	15
25	10	22	75
17	14	22	17
10	15	26	20
21	14	15	21
24	27	17	72
29	22	20	87
12	20	24	12
10	21	13	30
30	11	16	30
24	11	19	24
20	21	23	60
16	12	16	48
24	13	24	24
19	26	21	38
22	24	25	44
13	21	18	39
16	30	23	16
30	23	29	30
13	20	29	13
13	29	17	26
10	17	23	20
29	23	22	29
22	23	13	44
11	22	29	33
21	11	24	21
23	18	20	46
15	26	27	15
16	10	29	16
10	17	30	30
26	16	20	52
22	23	18	66
17	11	20	17
21	29	11	63
19	28	29	57
18	17	20	36
17	16	23	17
28	24	12	84
21	11	24	42
16	18	29	48
15	18	30	15
17	30	30	34
17	10	29	17
13	29	27	13
15	12	11	30
25	25	23	75
19	11	26	19
27	21	11	54
24	13	11	24
30	11	19	60
22	14	21	66
27	29	25	81
25	28	27	25
26	18	22	52
23	29	12	23
29	25	21	58
25	23	14	50
17	21	14	51
23	29	10	46
22	20	19	44
14	21	14	42
28	14	23	84
15	11	19	15
29	19	17	58
27	11	12	81
24	28	27	24
10	16	11	10
28	22	18	56
26	19	12	26
29	17	25	29
29	24	21	58
24	12	30	24
27	19	29	27
18	25	12	36
14	16	17	28
12	25	22	12
24	29	17	48
28	25	23	56
19	12	25	38
27	26	15	27
19	14	26	19
20	14	23	60
23	17	15	23
23	27	16	23
19	12	27	19
28	26	13	84
19	30	10	19
24	21	22	24
14	21	21	28
23	11	29	69
24	29	28	72
11	21	19	22
15	20	10	15
20	27	15	60
19	21	29	57
13	14	18	26
29	22	10	29
15	20	30	45
11	29	27	11
21	27	20	21
23	17	13	69
12	25	11	36
10	17	24	10
30	17	23	90
17	22	28	51
21	15	16	21
26	24	20	78
24	15	14	48
28	17	13	28
27	18	30	27
30	16	30	60
27	29	23	27
12	26	20	12
15	13	22	30
13	26	29	39
22	15	13	44
30	21	29	30
17	17	30	51
18	16	11	54
27	24	20	27
21	28	12	63
21	24	16	63
16	20	19	16
14	22	29	42
10	22	29	10
18	25	30	54
18	24	21	54
13	13	12	26
12	25	18	24
19	11	23	19
21	20	28	21
20	14	14	60
24	10	17	72
13	12	26	13
19	12	13	19
20	21	23	40
23	20	23	46
27	11	28	54
24	19	15	48
11	23	11	33
12	13	16	36
26	21	12	78
26	10	24	52
15	28	22	30
26	12	21	78
28	29	29	28
22	22	15	44
17	19	20	17
24	19	18	72
24	23	30	72
24	25	12	72
11	28	10	22
24	22	23	24
21	22	11	63
30	18	26	90
18	28	24	18
29	22	25	58
29	18	16	58
18	28	26	54
25	15	28	75
11	27	15	11
16	23	17	32
20	21	14	60
14	21	13	28
18	27	29	54
14	29	12	42
29	20	10	58
10	27	16	20
30	14	22	60
18	24	25	18
28	23	18	56
16	12	21	16
29	28	27	29
17	15	26	51
22	14	14	44
23	24	16	23
22	15	18	22
22	19	19	22
21	19	20	42
15	19	21	30
11	26	30	11
16	30	10	48
18	17	12	54
11	22	24	33
16	29	21	16
30	12	27	60
23	16	18	46
30	24	27	30
22	19	15	66
16	19	23	16
15	16	22	45
30	16	29	90
16	19	19	48
26	24	18	78
12	24	27	12
16	13	26	16
18	26	26	54
24	25	15	24
11	30	26	11
26	22	30	26
24	25	17	72
27	25	18	54
25	28	29	25
14	23	27	28
11	13	30	33
26	14	16	78
26	30	17	52
29	17	12	29
30	11	20	90
25	12	13	75
28	11	14	56
19	30	14	38
29	24	17	58
23	20	29	69
23	28	16	46
10	20	24	20
21	15	29	63
29	16	10	29
27	20	11	54
26	21	22	26
23	22	23	46
21	15	13	63
14	13	14	42
10	30	21	20
27	14	13	81
27	24	23	27
24	25	14	72
14	17	19	42
18	23	15	54
28	28	17	56
28	24	10	56
18	25	15	54
28	11	15	84
14	26	21	28
28	22	28	28
13	25	18	26
10	20	10	30
14	25	21	14
29	23	20	58
21	17	25	21
28	30	26	56
21	27	14	63
19	12	30	19
13	29	13	39
23	19	19	69
16	29	28	32
28	12	30	28
13	24	27	39
10	22	15	20
24	13	26	24
18	10	24	54
19	28	11	19
20	30	28	40
29	25	18	29
23	24	13	46
30	27	13	90
24	26	27	24
24	23	22	24
11	28	10	22
15	14	15	30
22	28	16	44
30	25	13	30
14	13	16	42
30	16	10	30
27	27	16	27
21	18	24	21
20	15	18	20
24	23	11	48
24	30	25	24
20	26	27	20
25	10	15	75
24	29	16	48
25	26	18	25
13	12	19	39
17	15	11	51
25	23	13	50
22	15	27	66
10	16	27	20
15	25	12	15
24	18	18	48
24	23	28	24
18	26	14	36
30	11	14	60
25	24	22	75
10	16	24	10
21	19	23	63
11	11	30	11
26	15	15	26
30	19	27	90
11	10	29	11
16	17	29	16
19	27	14	19
25	30	30	75
13	16	10	26
14	25	19	42
30	29	20	60
14	24	12	42
29	18	27	87
28	11	18	56
15	30	17	45
14	15	25	42
14	14	28	28
17	10	30	17
12	14	16	36
19	13	19	38
26	10	13	52
22	23	15	22
18	21	28	36
16	13	30	32
17	26	10	34
15	26	11	45
12	26	18	12
13	25	10	39
21	24	15	42
13	10	15	26
29	27	27	29
28	18	10	56
21	29	23	21
10	11	14	10
17	26	17	34
11	25	17	33
26	22	18	78
20	22	19	40
10	15	11	30
27	29	19	27
24	26	29	72
30	29	22	90
15	30	23	45
19	28	28	38
15	23	10	45
29	14	10	58
29	10	22	29
10	17	28	10
14	21	18	42
26	20	18	78
28	17	11	84
13	17	12	39
12	22	21	24
10	26	26	20
25	10	22	25
21	13	21	42
17	12	30	17
15	26	25	30
10	14	27	20
28	18	25	84
16	11	25	48
20	25	28	40
28	18	29	84
27	17	27	81
11	14	10	33
30	27	30	90
10	13	23	20
12	11	27	24
25	14	11	25
30	14	14	60
14	27	18	28
29	21	15	87
29	21	24	29
11	22	25	11
10	16	18	10
19	11	21	19
10	16	27	20
12	28	30	36
28	11	27	56
11	21	28	22
21	19	16	21
10	19	23	30
22	28	21	66
14	24	26	42
16	22	30	48
30	30	14	60
22	22	16	22
16	16	28	32
15	15	19	15
19	21	19	19
25	15	15	75
19	28	26	38
25	23	17	25
22	10	24	66
21	29	15	42
15	13	22	30
10	26	28	10
12	21	14	12
11	29	17	22
18	12	27	36
25	18	30	75
18	24	17	54
28	20	16	56
21	14	10	42
25	14	10	50
27	10	18	54
21	23	23	21
20	29	20	60
29	11	26	29
25	11	22	75
28	21	23	28
24	25	16	72
18	26	30	36
14	15	16	14
20	14	16	40
18	30	17	36
26	11	23	78
18	21	11	36
23	19	22	23
24	17	24	24
22	15	20	22
25	14	26	25
12	27	19	24
19	15	10	57
28	13	17	56
29	23	13	29
29	27	30	87
29	17	22	87
16	30	26	16
25	28	17	75
15	18	17	15
20	27	28	60
14	22	11	42
13	16	16	13
22	12	22	66
12	30	16	24
15	18	27	45
17	26	27	34
25	10	23	50
20	19	17	20
19	19	28	38
16	18	22	16
25	24	25	25
16	13	13	48
24	26	15	72
29	28	20	58
15	25	20	30
28	20	23	84
27	26	21	54
23	26	11	23
12	11	20	36
28	29	19	56
21	15	24	42
12	18	13	24
17	19	29	51
16	16	30	16
12	30	22	24
29	21	11	58
24	29	30	24
10	30	22	10
24	14	21	72
29	20	27	58
21	21	18	21
11	18	13	33
26	12	29	78
23	10	17	46
11	20	25	33
28	10	18	84
21	18	26	21
13	28	22	26
14	27	26	14
30	17	27	90
15	19	17	15
17	17	19	34
17	29	28	34
16	23	19	48
17	12	19	51
16	27	11	48
22	20	12	22
27	21	12	27
18	16	26	36
18	12	28	18
18	24	13	54
30	22	12	60
11	17	10	11
14	17	27	42
16	13	12	48
23	17	30	69
29	24	16	29
10	18	18	10
10	20	19	10
29	23	24	29
30	12	25	90
11	10	23	11
23	24	30	46
10	21	15	30
12	21	20	12
23	18	15	46
18	22	10	36
14	21	23	28
19	13	29	38
13	29	21	13
10	16	22	10
25	26	30	50
14	23	22	28
25	16	24	75
17	21	12	34
17	15	22	34
12	30	21	12
24	30	13	24
26	22	21	26
19	30	29	38
15	12	11	15
19	28	13	57
26	10	17	78
22	13	25	22
17	25	26	51
10	17	13	30
10	25	24	20
11	29	13	33
16	19	19	32
16	13	11	32
19	29	13	57
12	19	28	36
30	16	16	30
17	10	21	17
24	10	16	24
28	20	20	84
19	25	12	38
15	10	25	15
17	20	19	17
10	29	12	30
29	23	19	58
19	20	17	57
20	21	11	40
12	11	14	24
13	25	30	13
23	25	11	46
25	19	22	75
30	13	17	60
28	26	29	56
15	18	19	15
22	22	11	66
24	17	24	72
23	20	22	23
28	18	28	28
14	15	21	14
10	19	28	30
20	19	24	20
13	16	12	13
15	19	23	45
17	10	25	51
29	27	22	87
18	12	13	54
27	11	11	27
22	26	17	44
11	20	28	22
27	10	13	81
26	18	29	26
11	12	19	22
26	19	21	52
23	17	21	69
12	25	23	24
14	25	12	28
24	16	28	48
25	27	19	25
13	30	15	26
27	20	15	54
12	12	13	36
28	28	13	56
11	19	24	33
26	12	19	52
11	18	12	22
12	10	23	24
28	14	19	56
25	29	23	75
29	25	21	29
30	13	29	30
24	21	20	72
17	29	20	17
22	19	26	22
30	13	12	60
30	24	19	30
10	11	11	20
29	26	30	58
16	24	12	48
18	19	14	36
10	28	25	20
30	12	14	60
24	15	15	24
11	19	29	33
18	13	13	54
15	12	17	45
30	30	23	90
21	13	19	63
11	26	19	22
20	19	24	40
18	23	24	18
18	13	16	54
13	19	25	26
13	24	20	26
29	15	21	87
10	18	24	20
28	16	29	84
29	27	18	87
13	26	16	26
19	23	12	38
29	10	22	29
10	25	16	10
30	28	16	90
13	15	28	26
30	28	13	90
19	15	25	19
27	14	12	54
18	29	27	18
22	18	29	44
27	25	16	81
16	12	13	32
23	26	30	46
29	23	23	87
13	29	30	26
14	20	17	14
20	24	24	40
16	13	21	32
21	10	25	63
13	14	15	26
10	11	21	30
10	20	16	10
18	19	25	36
19	14	26	38
28	17	15	28
15	30	24	15
10	22	24	20
23	30	25	23
21	14	11	63
30	29	18	90
20	11	24	40
30	10	22	30
12	24	23	36
12	19	11	24
21	25	10	63
22	12	16	22
14	17	20	28
18	26	16	54
11	28	17	22
12	29	13	36
15	16	30	30
22	16	25	44
28	24	27	84
22	27	21	22
27	19	11	81
28	20	23	56
23	20	15	69
13	27	16	26
11	10	20	11
21	28	22	21
14	30	21	42
16	11	24	48
13	10	23	39
30	19	10	60
18	23	28	54
19	27	30	38
12	28	29	24
12	19	12	36
22	10	18	22
13	25	29	26
14	30	13	14
25	24	12	25
19	24	25	19
28	20	13	84
19	13	23	19
28	29	26	28
26	30	12	52
10	18	14	10
22	21	27	22
21	29	15	63
25	21	12	75
23	29	26	69
17	10	15	17
23	25	15	46
11	26	30	11
17	29	26	51
22	22	22	66
10	19	25	30
29	17	28	58
13	18	25	39
30	30	15	90
20	30	20	60
20	16	30	20
13	25	28	26
12	17	13	36
21	28	18	21
17	16	16	17
23	18	30	69
22	19	12	44
10	17	21	20
23	20	12	69
13	23	21	26
20	29	26	20
27	20	30	27
27	14	11	54
16	29	14	16
11	25	20	11
18	18	25	36
27	25	23	81
22	27	14	22
11	14	18	33
21	29	17	63
11	12	26	33
21	18	24	21
20	30	28	20
16	14	15	48
23	30	12	23
13	13	30	26
28	15	25	84
15	24	23	15
23	15	26	69
15	26	22	45
27	15	21	81
29	13	16	58
10	24	25	30
13	20	26	13
15	21	22	30
12	28	27	12
19	10	26	57
15	28	23	15
18	22	23	54
10	17	11	20
25	13	22	50
26	13	17	78
18	14	16	18
17	12	27	51
12	15	22	24
11	15	26	11
26	28	30	26
28	26	15	84
23	20	10	23
21	14	24	42
10	18	17	10
28	29	12	56
20	17	21	60
30	12	22	90
12	18	20	24
12	10	16	36
16	11	14	16
27	11	25	54
22	11	27	22
10	11	19	10
18	28	13	18
26	24	10	26
27	12	13	27
23	15	15	46
14	22	27	14
21	30	23	42
10	17	25	10
11	27	24	33
25	17	26	50
20	28	12	20
14	29	13	28
30	24	26	30
18	20	16	54
30	25	25	90
21	30	30	42
10	13	11	30
14	18	10	14
28	11	13	84
15	19	30	30
14	10	20	42
16	21	22	48
26	26	26	26
27	26	22	54
30	24	25	30
18	21	27	36
16	20	10	16
23	15	20	46
16	25	22	48
22	17	18	66
14	26	15	42
28	30	14	28
17	17	22	17
20	13	19	60
25	20	18	25
17	15	26	17
23	13	26	69
25	24	15	75
25	27	24	50
16	22	22	16
26	20	19	26
23	27	21	69
24	22	13	72
12	22	26	12
16	27	22	48
25	28	25	50
13	15	14	26
25	16	29	75
26	29	11	78
15	24	22	15
29	23	22	58
28	16	20	56
14	14	30	28
15	20	10	30
18	28	17	54
29	18	10	29
18	12	27	54
12	13	18	12
12	24	25	36
17	12	14	17
17	29	12	51
19	13	19	19
10	29	10	30
16	20	23	32
24	15	10	48
10	29	18	10
24	25	27	48
12	29	23	24
19	13	26	57
22	16	23	22
10	21	22	20
17	16	16	51
14	11	29	14
30	22	13	30
25	22	29	75
20	13	23	20
24	28	12	24
29	20	29	58
25	29	20	25
19	23	25	19
19	27	21	38
20	14	17	20
19	16	19	38
11	13	18	33
15	18	19	45
14	20	12	28
12	16	22	36
16	12	26	48
16	19	25	16
25	19	23	25
12	30	21	36
10	26	26	30
27	20	17	81
30	24	13	30
16	10	10	16
27	30	12	54
23	24	26	46
28	19	14	56
17	30	23	34
12	20	28	36
29	27	25	87
23	16	16	46
17	17	12	17
14	21	16	42
21	15	21	42
19	27	12	57
11	20	14	11
23	18	24	69
12	20	23	12
27	15	21	54
13	23	29	26
11	30	28	11
14	21	21	14
17	20	13	51
19	27	10	57
20	19	12	20
27	11	21	54
10	10	24	10
20	29	18	40
21	16	17	21
17	14	29	51
16	11	20	32
23	30	12	69
21	24	15	42
26	18	30	26
29	13	15	58
18	29	16	36
25	28	21	75
10	20	30	20
24	25	12	48
23	19	21	23
28	24	29	84
22	22	16	66
11	17	21	33
28	20	12	56
27	25	20	54
15	28	20	15
18	21	21	54
29	30	29	87
30	18	29	60
29	28	27	58
11	15	25	33
14	19	24	28
13	27	28	13
26	22	15	78
20	12	13	40
16	17	12	48
13	18	28	39
20	14	25	40
10	16	28	30
17	13	17	17
13	25	12	13
24	30	11	48
22	26	21	22
11	22	27	33
17	29	27	34
20	18	30	20
20	12	30	60
14	14	20	14
14	14	24	28
14	14	24	28
12	23	17	36
18	15	12	36
18	27	26	54
20	20	10	40
15	12	24	15
15	27	26	45
14	14	10	28
26	13	14	78
29	11	26	87
28	20	16	28
30	10	16	60
18	14	17	36
12	19	28	24
20	29	11	20
21	11	14	42
27	24	17	27
27	14	30	54
25	25	14	25
22	14	16	44
20	29	16	40
29	20	21	58
15	16	20	45
25	14	14	50
27	16	30	54
24	19	16	72
10	22	23	10
17	11	22	51
28	24	13	28
29	22	16	87
29	26	29	87
23	22	27	23
14	19	24	42
20	28	11	60
23	15	14	23
20	25	16	60
13	27	25	39
16	24	10	16
23	12	20	23
29	24	24	29
22	26	19	22
14	13	21	42
20	27	17	60
29	17	19	58
20	26	17	60
18	24	28	54
30	26	17	60
16	12	15	32
24	23	15	24
15	12	18	30
21	11	18	42
28	20	28	28
19	21	12	38
14	27	22	28
25	27	21	75
28	12	21	56
21	26	19	21
11	26	26	33
25	14	30	75
25	15	13	75
24	13	13	48
27	20	11	54
20	24	29	60
24	18	26	72
23	11	24	46
13	19	23	26
14	29	14	28
26	14	23	52
24	12	27	48
28	24	20	84
29	13	23	87
19	20	21	19
28	14	24	28
10	14	27	10
15	25	18	15
23	11	27	23
14	14	13	28
22	23	11	22
11	22	28	11
23	22	13	46
15	20	10	15
19	26	29	57
21	13	21	21
14	24	20	42
12	10	21	36
29	13	30	87
24	11	30	24
25	15	26	50
28	19	19	28
16	11	11	48
10	13	10	10
30	28	14	60
23	15	10	69
20	13	27	20
12	21	10	12
17	26	10	51
13	12	23	13
25	18	28	75
17	18	14	17
12	25	14	36
12	21	30	12
24	13	19	72
19	30	23	57
27	21	22	54
23	22	27	23
19	21	16	57
17	21	24	17
14	28	26	28
27	29	12	27
20	28	10	60
20	20	18	20
14	13	25	14
14	16	28	14
10	28	18	10
11	23	24	11
24	17	20	48
30	29	12	90
26	10	29	52
10	27	23	20
15	19	17	45
22	22	26	66
21	20	25	42
29	22	30	29
11	26	18	11
15	15	26	30
26	12	18	52
17	22	27	34
14	15	21	14
28	17	29	56
29	27	30	87
21	22	18	63
14	19	13	14
23	11	14	69
10	15	22	20
14	27	11	42
23	26	16	23
12	29	24	12
15	15	11	30
21	29	14	21
18	17	29	18
12	21	18	12
18	28	14	54
22	25	21	22
18	24	28	36
30	10	27	90
22	15	17	44
27	21	14	54
21	16	24	21
20	19	15	60
17	12	16	17
20	17	18	20
15	15	12	30
12	19	19	24
27	16	27	54
13	26	22	26
13	30	13	26
13	17	20	26
15	20	13	15
25	24	14	25
28	13	30	84
23	19	14	46
25	14	25	75
29	11	17	87
25	27	22	75
19	21	18	57
15	19	27	45
14	13	10	14
25	25	21	75
15	23	17	45
18	17	26	54
19	30	10	19
28	11	28	84
25	27	20	75
24	10	16	24
24	26	23	72
14	10	23	14
14	18	29	28
21	30	23	21
29	25	12	58
13	28	21	13
14	20	27	28
15	11	22	15
28	19	24	84
13	21	29	39
19	13	10	57
22	10	21	44
26	22	20	52
25	17	30	50
13	30	23	39
24	16	27	48
22	21	18	22
18	21	20	36
11	16	23	11
11	11	23	22
24	12	27	72
15	27	24	30
22	16	21	66
24	16	30	72
26	22	15	52
21	15	27	63
30	15	22	90
11	25	22	22
10	30	25	30
10	26	17	30
22	28	20	22
23	23	21	69
11	29	23	22
14	12	14	28
18	15	30	36
19	17	15	19
30	17	12	90
21	11	26	21
16	27	16	16
18	20	10	36
17	28	11	51
13	23	24	26
20	21	13	20
21	10	17	63
24	18	28	72
21	11	22	63
13	15	21	39
28	30	15	28
17	24	10	17
11	18	17	11
14	15	28	14
11	25	24	22
19	10	26	57
16	16	27	32
15	18	23	45
26	17	26	78
19	19	24	38
15	27	16	45
29	12	25	58
12	22	15	24
10	26	11	10
10	29	16	30
18	10	28	54
15	23	19	15
17	29	29	51
28	26	23	56
21	27	18	42
11	26	25	22
14	14	18	42
17	22	17	34
17	21	16	17
22	29	28	66
15	28	24	30
13	24	10	39
18	12	22	18
21	11	23	63
16	11	15	32
17	24	29	34
18	19	22	36
19	26	12	57
24	12	16	48
13	18	20	13
12	23	12	24
30	29	30	60
17	10	24	51
30	30	22	60
10	26	30	10
26	10	15	26
13	29	21	13
24	29	11	24
18	18	11	54
30	17	12	60
12	12	23	24
27	10	18	81
12	12	16	36
18	19	20	18
24	28	17	72
10	24	30	30
21	22	22	21
14	29	19	42
18	11	24	18
21	20	11	42
21	26	15	42
14	11	13	28
26	13	29	52
19	20	11	19
29	13	30	29
12	12	10	36
25	13	20	50
27	19	11	54
19	10	20	38
11	14	19	22
24	18	12	72
25	17	22	50
17	29	15	34
20	10	15	60
11	23	23	11
14	13	20	28
18	24	13	36
22	13	11	22
25	20	10	75
22	12	28	22
12	24	28	12
17	20	29	34
11	28	28	11
28	11	22	56
15	25	30	15
30	11	10	60
11	24	30	22
21	26	20	42
24	28	19	48
28	13	30	28
13	18	29	39
25	23	23	75
23	17	29	46
21	10	18	63
16	25	19	32
24	14	20	48
29	24	21	87
18	14	12	36
13	16	20	26
28	23	27	56
15	13	19	30
23	24	29	23
27	24	15	27
15	11	28	15
27	27	11	54
18	14	28	36
28	23	24	84
14	11	18	14
26	17	28	26
29	29	17	29
12	28	24	12
16	21	26	48
22	15	29	22
19	14	26	38
12	25	26	36
25	14	20	25
18	24	13	54
30	17	13	30
29	29	25	58
14	20	16	14
15	11	17	30
18	10	19	36
19	22	29	57
25	29	18	75
26	14	24	78
11	13	18	22
17	17	13	34
20	13	23	40
23	15	17	46
19	17	12	19
22	18	13	22
21	27	10	42
20	15	16	60
21	30	28	21
18	28	12	36
11	12	23	11
28	22	25	84
30	22	14	30
12	14	27	24
20	29	20	20
23	16	24	46
17	29	11	51
16	10	22	32
28	13	29	28
29	19	11	87
19	27	19	19
19	29	30	19
11	20	16	11
27	30	20	27
24	30	29	24
24	15	22	24
23	10	16	69
15	29	14	30
19	19	24	38
30	22	28	90
19	16	21	57
21	30	15	21
24	29	15	24
25	22	26	25
12	10	14	36
28	17	16	28
10	26	13	30
30	24	21	90
11	18	16	22
23	14	28	23
21	24	19	42
18	25	20	36
19	27	29	57
21	29	24	63
11	27	15	22
30	28	26	30
28	13	15	84
10	10	11	10
18	15	24	36
29	12	28	29
12	30	20	36
28	22	16	84
23	12	16	23
29	22	12	29
29	15	18	58
16	26	26	16
18	12	23	54
13	29	23	26
14	30	30	14
13	16	18	13
21	24	25	63
13	16	19	13
10	11	22	20
30	12	11	90
17	12	14	51
28	13	18	84
30	15	25	60
19	12	16	19
18	20	21	36
12	25	15	24
30	12	13	90
26	28	25	52
18	18	16	18
23	25	30	23
26	28	15	52
16	24	14	16
27	14	19	81
17	10	12	34
29	29	26	87
29	29	11	29
17	20	28	51
27	20	25	54
26	14	11	52
27	29	30	81
30	29	30	90
29	19	17	87
30	18	25	30
22	11	28	22
29	28	14	29
15	17	28	15
22	17	19	66
27	12	30	27
12	20	13	24
28	25	18	28
12	16	27	12
20	26	29	20
22	11	12	22
21	21	30	63
12	26	27	24
26	13	18	78
21	12	18	42
20	26	16	20
17	11	28	17
17	26	18	51
24	25	14	48
21	12	17	63
13	12	18	26
14	21	20	28
19	28	21	38
16	22	12	16
15	19	21	15
26	20	11	52
28	24	14	84
11	15	10	11
14	13	15	28
17	14	13	34
10	10	17	20
15	25	30	45
28	15	19	84
12	28	14	24
21	11	30	63
22	20	23	22
26	13	20	78
15	17	26	30
19	27	20	19
15	13	16	45
28	30	11	56
11	12	14	11
13	14	11	26
18	23	30	18
16	13	18	16
15	13	27	45
30	15	13	90
15	13	19	45
28	10	27	84
15	14	26	30
10	23	24	30
16	22	22	32
16	12	11	16
14	18	30	28
18	15	10	54
26	24	27	26
19	16	22	38
25	30	25	25
14	12	20	14
12	29	23	24
13	12	23	13
12	25	22	36
16	10	10	48
22	12	17	44
14	28	21	14
22	15	13	22
29	22	18	87
28	19	14	84
15	13	11	30
30	26	19	30
16	25	30	48
30	15	18	60
24	10	23	48
12	14	24	36
20	12	30	60
16	15	11	32
30	12	27	90
22	13	30	44
19	27	15	57
26	12	15	52
15	26	20	30
15	23	17	15
14	20	21	14
25	24	17	75
19	16	26	38
27	30	28	54
26	13	29	26
15	23	29	15
21	30	24	42
26	30	13	52
21	16	30	21
11	28	15	33
23	24	15	69
17	16	26	17
10	16	15	30
22	12	20	44
14	16	21	42
29	19	11	87
10	21	26	30
21	11	26	21
15	13	17	30
19	23	12	19
10	30	27	10
21	19	26	21
16	12	12	48
15	24	17	15
23	29	23	23
12	12	25	24
25	25	20	50
10	20	23	20
21	16	26	63
20	25	13	40
20	15	21	20
11	30	19	33
14	14	15	42
30	12	12	60
12	30	13	24
14	29	11	14
30	29	30	90
16	29	14	48
13	14	18	39
18	18	19	36
26	21	26	78
26	15	11	52
15	27	24	45
27	22	21	54
10	20	13	20
16	20	11	32
24	10	17	72
10	23	19	30
24	25	16	72
14	22	13	14
22	20	30	44
16	29	13	32
22	13	24	44
30	18	12	30
28	26	20	84
24	30	17	72
22	24	26	66
25	25	22	75
29	23	14	58
15	18	27	15
15	20	14	15
22	12	24	44
16	14	12	16
20	12	25	60
11	24	28	22
10	12	24	30
16	17	16	16
22	28	18	66
18	23	17	54
29	26	14	58
23	13	10	23
16	19	19	16
27	16	24	27
29	18	16	29
25	10	13	75
26	30	28	78
10	20	10	30
17	13	16	34
28	25	13	28
26	13	19	78
11	10	28	11
11	26	22	33
17	19	19	34
15	13	18	45
26	20	11	78
29	16	17	87
18	21	18	54
23	24	13	23
25	25	25	50
29	26	13	29
10	11	27	10
17	14	10	17
19	28	16	57
15	12	29	30
17	25	24	51
26	22	11	26
30	23	22	30
23	18	25	69
13	26	23	39
30	25	30	90
22	18	17	66
15	24	19	45
14	19	24	14
14	29	26	14
11	20	29	22
10	27	23	10
19	20	21	19
27	14	12	27
28	23	11	56
25	10	25	75
27	26	11	27
16	19	18	32
18	23	12	36
22	19	26	44
18	13	18	18
14	28	29	14
18	24	29	54
26	17	13	26
14	17	10	14
15	12	11	15
21	28	12	63
23	20	30	69
26	16	21	52
23	17	20	69
11	21	12	11
19	25	25	19
17	26	13	51
24	29	20	24
19	17	14	19
20	12	18	20
24	24	12	24
23	24	28	69
19	19	26	38
19	24	14	19
16	13	28	32
15	18	15	45
11	29	26	22
24	11	24	48
28	24	15	56
11	25	10	22
28	10	15	84
19	11	18	57
13	22	29	39
22	29	29	22
22	22	16	22
24	14	21	72
23	23	11	23
25	28	26	75
24	30	28	48
22	15	12	44
30	28	19	30
22	19	17	44
20	14	17	20
25	30	19	50
24	17	13	72
24	16	21	48
29	12	23	58
14	15	14	14
20	22	18	60
18	30	15	18
24	16	11	72
27	16	24	81
19	22	28	19
21	26	27	63
12	10	29	36
15	22	29	45
19	27	18	19
18	24	21	54
20	14	28	40
19	21	24	57
21	22	21	42
29	23	17	29
12	26	14	24
17	25	25	17
24	14	17	48
14	19	13	28
15	24	30	15
29	19	28	58
22	17	20	44
26	19	21	26
11	12	12	11
29	19	19	58
21	18	11	21
22	22	25	66
30	12	23	90
19	13	18	19
25	23	22	25
15	20	19	45
20	24	20	40
20	16	23	20
30	23	27	60
13	25	18	26
12	26	27	24
21	30	27	42
13	26	24	13
16	15	24	32
15	10	30	15
27	26	18	81
29	12	26	29
10	25	14	20
21	20	14	63
17	23	29	17
29	11	10	87
12	28	27	36
14	16	16	42
12	21	23	12
27	25	21	54
15	24	22	45
28	27	14	28
13	25	21	39
24	10	14	48
18	22	11	54
26	16	19	78
29	25	10	87
10	10	11	30
24	10	22	72
22	11	20	44
12	18	16	12
17	27	28	17
24	20	19	48
29	26	10	87
13	29	23	13
14	12	18	28
28	30	17	28
13	13	19	13
11	17	11	11
30	25	22	30
24	15	15	72
12	25	28	12
16	14	18	16
27	14	29	27
30	20	26	30
24	29	11	48
29	13	27	58
15	12	13	15
10	29	20	10
19	20	23	57
28	30	30	84
16	21	13	32
20	20	26	40
27	26	19	81
26	17	12	52
14	16	19	14
29	29	26	87
23	29	19	69
12	30	29	24
26	28	14	52
12	14	21	24
26	25	10	52
14	24	20	42
25	30	15	50
19	19	21	38
17	23	19	17
21	28	23	42
10	20	15	30
12	13	27	12
22	29	26	44
14	27	30	28
26	30	25	78
19	28	12	38
14	22	26	14
19	17	27	19
11	19	29	22
19	11	17	57
11	14	17	11
13	30	11	39
17	17	19	51
15	24	10	30
20	28	29	20
23	15	12	23
25	19	26	50
21	25	25	63
22	21	15	22
21	20	20	21
13	26	22	13
24	10	27	48
26	19	24	26
11	25	23	22
26	30	14	78
26	13	29	78
20	11	17	20
11	29	19	11
22	16	23	22
15	22	21	45
24	30	14	72
30	23	14	60
27	15	17	81
16	29	22	16
21	29	10	21
27	18	14	54
28	28	11	84
29	13	18	87
14	27	15	42
12	21	29	12
16	25	12	32
22	20	24	66
20	19	15	60
24	14	21	72
15	13	25	45
14	21	25	28
14	11	15	28
26	16	13	78
19	16	29	57
23	15	26	69
23	19	24	69
23	19	26	46
21	19	19	21
12	23	24	24
27	21	28	81
20	26	30	20
17	18	15	34
11	19	27	22
24	25	17	48
28	22	27	28
17	27	14	34
10	16	27	10
24	24	17	48
24	30	11	48
11	12	25	22
30	24	24	60
20	10	11	20
24	26	29	72
16	15	19	32
29	17	21	87
16	15	15	48
29	29	26	58
13	26	19	13
24	26	15	48
26	23	30	52
11	24	11	22
16	13	17	48
10	14	14	20
24	26	29	48
20	12	16	60
23	21	16	69
23	21	18	46
23	30	13	23
12	23	25	24
28	19	19	56
21	16	12	42
18	21	25	54
19	16	15	38
22	20	27	66
19	26	24	19
24	15	27	72
27	25	12	27
19	27	24	38
15	29	12	45
30	15	25	30
14	15	20	42
28	24	16	84
28	23	12	56
13	14	28	26
19	26	15	38
12	11	22	12
12	28	26	12
29	12	14	58
28	13	26	56
15	15	21	45
28	14	14	84
17	16	24	17
15	24	30	15
15	24	17	15
29	23	13	87
13	27	16	39
26	12	18	78
23	10	22	46
11	24	20	11
25	18	22	75
18	29	17	54
16	12	20	16
19	10	13	57
18	22	22	18
27	28	17	54
14	22	11	42
18	18	25	18
14	20	17	14
21	22	22	63
21	30	19	42
28	12	12	84
26	23	13	78
22	18	15	44
10	26	14	20
16	13	26	48
20	10	10	20
10	28	24	20
25	15	17	75
21	28	10	21
12	10	12	12
17	24	14	34
24	10	29	48
25	28	29	25
30	22	15	60
10	12	11	20
16	13	21	32
26	12	15	26
17	11	13	51
18	15	23	18
27	10	26	81
13	18	17	39
24	27	11	24
23	13	21	23
12	20	13	36
19	11	19	19
24	20	28	24
15	29	30	45
24	28	16	24
18	25	20	36
22	20	26	44
20	26	16	40
11	19	11	22
10	29	27	10
27	16	11	54
28	14	13	84
12	19	17	12
25	27	11	75
25	14	20	75
18	11	21	18
26	12	26	52
26	18	19	26
14	25	30	42
18	26	10	18
10	12	27	10
16	19	20	48
19	24	24	19
21	22	16	42
28	26	19	28
30	21	11	90
26	29	18	26
16	23	23	48
13	28	21	13
22	23	15	44
17	24	26	51
30	14	10	90
11	11	25	11
30	22	13	90
24	18	10	48
15	29	21	30
23	11	10	46
21	25	17	63
19	13	30	19
23	13	13	23
12	27	28	12
21	14	11	63
29	20	11	58
25	14	28	50
12	19	26	36
12	22	25	36
13	30	26	26
12	10	22	24
27	27	18	81
13	27	19	26
16	13	13	48
16	14	27	48
15	25	28	15
13	11	27	26
22	13	19	66
26	15	23	78
28	26	30	56
19	25	20	19
23	30	13	69
24	13	29	24
16	11	23	48
12	13	27	36
22	26	25	44
29	23	28	29
12	20	21	12
17	18	28	17
29	14	17	58
24	29	29	48
20	27	18	40
24	28	16	48
22	16	15	44
16	30	11	48
14	16	22	14
26	12	19	78
27	17	14	81
17	11	16	17
25	20	21	50
18	30	18	54
11	12	25	11
11	21	29	11
30	30	19	60
24	22	13	24
20	27	14	60
29	30	18	87
18	27	21	54
25	24	26	50
17	12	15	17
11	29	17	33
18	28	30	36
17	20	24	34
22	21	26	66
21	30	10	63
23	14	28	46
16	23	19	16
14	17	14	42
22	22	19	44
28	10	26	56
26	21	25	78
11	15	30	33
22	12	12	66
10	25	29	20
27	18	10	54
25	13	18	75
10	15	21	30
19	27	28	19
23	11	18	46
12	19	24	12
26	23	17	78
29	28	30	29
27	30	24	54
16	20	18	32
19	14	12	19
28	30	12	84
26	19	30	78
23	13	26	23
15	15	30	30
28	30	20	84
18	29	17	54
17	25	13	17
12	10	27	24
13	25	22	26
28	18	17	56
24	18	14	24
17	28	15	34
24	13	13	48
24	16	12	72
20	26	19	60
15	28	21	45
27	30	25	81
29	14	10	29
19	16	19	38
15	11	10	15
25	22	18	75
21	24	27	21
30	18	29	90
21	14	30	21
13	13	28	39
17	29	20	17
11	20	21	11
16	26	27	16
23	27	18	23
18	13	29	36
22	26	24	44
22	22	25	66
24	29	10	24
29	14	30	29
25	18	12	75
17	29	16	17
20	23	24	40
24	25	28	48
11	10	15	33
18	24	18	36
28	21	15	28
21	22	29	21
25	24	13	25
16	19	20	48
16	27	23	48
25	18	12	25
16	23	10	16
21	15	24	21
10	12	11	10
24	26	30	24
17	28	20	51
10	18	26	10
25	13	16	50
10	21	27	30
27	18	10	54
23	16	30	69
13	13	15	13
19	19	24	19
20	12	11	20
21	20	15	42
17	17	27	17
23	24	28	46
18	17	20	18
15	22	17	30
25	28	23	75
23	13	23	69
23	11	28	23
19	14	13	38
18	16	17	54
22	14	13	22
11	27	18	22
15	28	29	15
22	16	26	66
24	14	17	48
14	19	10	14
15	19	14	45
10	19	19	30
18	27	11	18
10	26	20	30
28	27	15	56
26	16	25	26
20	10	15	40
18	11	16	54
10	13	23	10
15	13	29	45
24	18	17	48
11	14	11	22
30	25	10	30
22	26	24	66
26	15	27	26
12	23	22	24
27	12	10	27
14	23	20	14
22	22	12	22
15	23	22	15
11	26	23	22
19	28	17	57
17	18	15	17
21	30	28	42
13	15	12	39
30	29	12	60
23	10	14	46
26	17	30	26
10	20	30	20
10	21	27	30
18	16	13	36
16	23	30	16
20	21	23	40
26	21	15	26
30	21	26	90
27	30	27	81
16	15	28	16
30	16	30	90
16	30	13	48
29	25	16	58
17	28	17	34
12	25	30	36
25	21	20	50
26	22	22	78
21	16	18	21
28	20	17	28
23	23	30	69
24	20	18	72
16	12	21	48
21	28	18	63
15	29	21	45
28	10	15	56
25	10	26	75
22	18	22	66
17	19	15	51
10	13	25	10
19	24	29	38
17	14	18	51
21	14	21	21
27	18	25	81
13	21	23	13
30	22	28	60
15	19	10	30
21	18	16	21
26	27	24	26
15	16	13	15
14	25	15	28
29	23	22	58
25	19	15	50
26	16	27	78
25	17	10	75
13	13	18	13
19	25	18	38
20	24	16	60
29	13	18	58
21	18	29	63
25	17	26	50
15	25	14	45
15	21	21	45
13	12	13	39
27	24	16	81
30	30	10	90
26	11	29	78
30	12	21	90
25	29	12	25
12	17	23	24
21	23	17	63
12	22	25	36
23	23	15	23
26	20	29	52
11	30	11	11
17	28	27	51
27	25	23	27
13	29	30	13
30	29	30	30
25	25	28	50
30	17	29	60
29	14	18	58
21	30	22	63
15	18	22	45
22	14	28	22
15	20	15	15
13	13	15	13
10	18	20	20
13	29	11	13
18	22	29	54
22	28	10	44
18	21	29	18
17	20	13	17
13	13	24	13
25	11	24	75
12	23	17	24
19	22	13	19
10	28	18	20
30	27	14	90
27	13	23	27
10	11	27	30
13	19	19	39
27	25	23	81
21	15	28	42
20	15	13	20
21	18	22	21
29	24	18	58
11	29	22	22
29	28	17	87
12	14	12	24
10	24	16	10
30	23	15	30
15	18	30	45
12	27	16	12
25	21	17	25
29	30	11	29
30	11	21	60
14	29	25	28
14	11	28	14
19	12	29	57
27	18	18	54
14	15	16	42
21	16	23	42
29	15	23	87
16	15	27	32
21	19	27	21
30	13	23	60
22	30	16	66
24	17	18	24
17	14	12	17
21	10	30	42
23	24	19	69
29	15	17	29
23	17	25	69
16	13	27	16
19	17	27	57
25	17	17	25
22	25	30	44
23	15	30	69
13	27	15	39
21	23	13	63
20	25	21	40
11	30	28	33
24	10	27	72
13	23	17	13
14	28	28	14
15	23	28	15
22	18	13	22
26	30	26	52
14	16	22	28
17	21	10	34
14	11	29	28
10	28	22	10
10	10	24	10
23	27	13	23
14	20	25	28
14	30	15	42
17	21	12	17
25	13	12	25
13	30	20	13
15	26	25	45
10	25	12	10
13	13	23	13
29	26	16	87
30	18	15	90
19	18	13	19
27	13	29	54
20	13	19	60
21	13	15	63
25	23	29	75
22	21	17	22
24	17	21	72
21	18	26	63
18	18	26	36
12	25	11	24
11	12	11	11
23	22	16	46
27	19	21	81
28	10	13	56
24	28	12	24
22	25	18	66
29	16	20	29
16	12	20	16
15	13	13	15
26	12	20	78
19	12	18	57
17	17	18	17
13	24	21	39
18	22	11	54
13	28	19	13
28	10	23	56
20	23	10	60
12	19	12	36
24	10	22	48
16	24	12	32
14	12	30	42
28	29	17	28
27	11	26	54
18	23	14	54
13	14	24	13
20	11	29	60
15	12	18	45
15	14	27	45
24	18	20	48
13	24	29	39
25	10	22	50
23	11	18	46
13	15	18	26
16	14	12	32
24	17	14	72
17	26	22	51
19	19	14	57
22	10	21	66
10	15	13	10
25	27	28	25
12	17	13	36
21	29	15	21
17	11	21	34
10	27	29	30
11	29	21	22
13	20	10	26
24	25	21	72
11	13	22	11
25	11	27	50
18	28	14	18
29	27	29	87
15	12	10	45
20	20	12	20
11	20	11	22
12	25	12	12
23	30	23	23
16	10	23	48
28	14	17	84
23	13	20	23
15	25	20	30
30	12	24	30
15	20	21	30
16	20	15	48
13	18	10	26
12	30	24	36
24	22	29	24
26	15	16	78
14	25	22	42
21	19	23	63
30	12	20	90
10	13	18	30
13	26	18	39
18	10	29	36
11	18	20	11
26	25	11	26
27	12	18	81
29	21	17	29
30	15	18	60
23	19	22	69
26	15	25	78
29	25	10	29
20	10	18	40
18	19	15	54
11	18	28	33
22	13	13	44
15	12	25	30
20	28	20	20
22	12	25	66
15	26	24	45
13	23	17	39
26	14	30	26
29	26	11	87
18	16	26	36
26	25	14	52
23	29	12	46
30	17	22	60
26	23	24	78
12	13	17	24
18	17	17	36
18	22	13	18
15	28	27	15
18	17	30	18
10	26	23	30
11	29	28	11
10	22	10	20
22	30	22	22
19	11	16	57
12	27	24	36
18	10	26	54
25	18	13	50
10	17	11	30
10	23	23	30
11	30	12	33
14	29	14	42
25	14	13	50
16	20	24	48
22	30	20	44
20	11	17	20
20	19	20	60
16	18	14	48
26	11	20	52
26	27	24	26
20	13	20	20
22	22	30	44
14	21	16	42
17	18	17	51
18	21	21	36
23	15	12	23
20	14	27	60
13	11	14	39
20	21	20	60
17	21	27	17
16	25	11	16
28	10	26	28
16	22	24	16
13	28	13	26
11	23	24	33
10	23	23	10
29	29	18	29
15	13	10	30
20	13	26	60
21	30	16	63
26	21	24	52
11	29	11	22
13	17	24	39
21	29	18	63
25	24	18	25
18	11	27	18
26	30	10	26
13	17	24	13
21	11	18	63
14	23	17	14
25	10	14	75
11	26	26	22
11	28	12	33
29	12	16	29
24	27	27	48
19	23	21	19
30	24	25	90
23	16	10	23
22	24	19	44
14	17	10	28
28	27	28	56
29	29	17	29
26	13	20	26
15	11	17	15
17	22	23	34
17	13	20	51