-7552
472
1118
3776
1888
3392
5154
6492
7025
9359
-1398
-1833
8948
5744
108
2118
-14
8872
5571
-4494
8328
7544
5887
4951
590
-313
4118
236
511
958
6472
3571
5419
-3802
-1720
-9050
-71
1240
-5617
2149
-9453
5118
944
1652
6118
-9233
9063
2608
-7247
-9878
-2029
9255
3552
964
-1044
-2881
355
-2441
-9495
7683
3979
-3756
5651
-2078
-6518
8381
2788
2118
3118
1652
1298
3118
6160
-9410
-1852
3794
3246
9727
8176
-2824
-9894
9124
-6472
3905
3932
4923
9676
-3961
261
-7036
3075
4825
7118
826
1534
8118
-630
6151
4224
8838
6426
771
8256
-5333
4478
4175
966
8018
2757
8715
1378
-2701
7607
7504
-937
2080
4086
8626
393
4857
-4419
-8682
-1654
-6388
5730
7383
7736
5072
3868
-2235
7737
-5341
-4717
5846
9228
-6178
2006
2118
2124
9118
318
-8125
-3762
8033
-4435
-3361
1748
-564
-1054
3354
-2040
7708
6304
2593
5082
1351
1776
310
-3625
-1464
472
1118
8149
7574
-4334
6298
8834
8234
1277
-4319
8945
-5097
-5109
9469
-9897
-6321
2343
-6963
2558
-8572
-8201
8686
-3435
-2522
-2375
-9334
-2563
9287
1972
-9441
2801
2436
1500
-3276
-7470
-7211
5490
4103
7668
5390
3855
5005
3118
2242
9118
7118
9118
4846
-1349
-5361
7035
5096
-8859
536
-3257
4407
-9143
-9222
2244
-564
8953
-479
6815
-4332
-5074
-2136
2360
2478
7118
9118
2950
-1540
4118
-4019
-2346
4236
9535
-8688
-3375
6572
-8625
-1635
-892
1417
1794
-724
-715
4201
4987
-4646
6507
7670
1118
3068
5310
5782
2118
4118
6844
118
118
118
6543
8844
-7326
6200
-8460
8050
-7821
-337
-6856
8130
-81
4217
-9934
-5279
-3647
3648
-6579
9935
5939
3755
-2681
-6233
-4690
-1624
8849
-2263
-3325
-9144
-8114
8628
-5146
-454
2487
-7225
9828
2020
2391
-2178
-6488
-7605
-8269
9288
-4434
8401
8334
-5883
7464
-3294
7453
2189
-9517
9363
3618
991
8324
169
-7945
4267
3918
-2437
-1857
-4657
5981
6348
-8930
2482
2731
-9091
-5030
6048
-6077
371
8846
7646
-5979
9864
-5486
-8114
-1757
-6716
-807
-7704
-1768
-3121
6943
721
-2891
377
-8912
291
5819
2077
1001
8753
8697
-2671
6331
350
8201
-8663
1488
-6888
3742
4225
-9912
-4136
6694
-4899
7517
-5492
-2741
4709
9743
-8350
-9319
-4735
-5375
-2799
4028
9967
9770
7353
7434
5118
5823
-5260
-2739
1033
6373
-102
3984