-55165
-85277
86113
-89125
-68362
-62154
64268
19221
-14667
-27490
-35509
-76993
-1710
96216
-23508
-74465
-43108
7633
16703
-32080
-18183
-28903
25402
-48968
62627
-42668
-59618
53769
-43436
7294
66692
-89230
82092
-76147
-72215
-54426
93520
67484
-13959
-46533
67171
81802
-19051
-76031
19133
53328
-61521
13280
13848
-28554
1936
-40858
-57328
-16338
14013
37127
78516
-92961
-69739
-38067
38251
37541
64215
-81480
77037
47841
-89182
-50465
19250
-20965
55390
41790
88490
-71426
-49570
-93004
-66248
-11371
-3309
92280
-88267
-55040
13861
74119
-74393
-67570
-9400
47701
21557
67865
85633
-89359
-39933
21038
14332
-62630
6289
-82807
66829
82861
-11064
-30258
-51649
-31828
16985
-47751
45192
95004
-21204
10698
-96644
58166
-1807
70326
-28538
-56776
14313
30066
82797
85198
43501
40712
-22557
54570
13993
24675
-87161
-48675
49241
-43747
-45184
393
-12311
-31137
-82677
28956
79140
-35949
-31756
-72037
48447
-55107
55718
-91933
-87943
39442
-64569
-27199
-66179
23400
81965
-91292
-87530
-12990
-45753
56463
66785
-16183
-35138
88908
-57621
29432
62692
18418
-45649
-89372
45190
-11832
56204
75363
93680
-94215
-74378
-56524
-76831
-73035
-53999
74719
-64815
44172
90568
-96436
-67650
43397
10258
18066
45273
-12438
-52864
59262
46986
18959
-64612
-43281
95275
67740
-31325
52338
-98028
-45844
-14033
84878
1205
32478
-28318
-71401
-61798
-32801
-90367
91998
49412
53975
27641
63625
-72626
-90941
-51177
86514
19497
4543
73361
30927
-53485
-18317
99044
85722
-36545
-92557
-65126
42807
-78018
-84970
20533
-85580
-63892
72378
-54623
19222
-30407
46424
-54744
-60102
-97827
52642
65956
-69218
4155
-31705
725
27644
11765
15489
-31574
43072
-5630
31795
19262
-48276
19391
-23420
-50316
-37085
-83853
-21642
39861
-67211
-82074
-89572
26398
-23115
-10534
-58516
78533
-33616
-21176
1985
-7353
-26550
13859
-19726
12979
93983
46381
-59895
-95287
63655
90141
54968
41243
62877
-99868
-816
-25634
-70333
73506
-39408
61808
76819
-32879
77853
-40464
58758
58041
77594
22307
-43563
51970
6430
-11237
-45692
-48354
-67088
7004
39743
-96793
-47240
87655
-9836
-34796
81025
69161
-81409
-83636
-37804
-63398
93099
-76057
-20426
-60920
-54009
-54310
25277
-14310
-2830
74650
65281
36196
-60756
-389
-61129
36677
-40234
12235
88033
-5083
52033
-30445
56994
95493
1416
49318
29802
-86726
52745
22215
-31321
89031
-92019
8949
93717
-72290
3500
-79791
-53976
-47195
69917
-17708
-12271
-67176
-61074
55607
6191
-59074
-25508
-45411
-20473
35902
-11899
50912
-42831
20143
79458
87696
63236
72406
-97281
-81341
3402
41233
-95083
95288
19873
-36672
-7320
-48607
-23067
42614
68477
52921
75668
57123
-24274
39013
-87161
-11498
-45185
-53924
8654
-16932
43272
28337
-2366
-75473
42873
58189
-92410
27793
-50606
-66650
7586
84928
80619
66355
8414
14211
-15293
52423
46838
43398
31607
84365
-25480
89045
23496
51862
-41868
-14398
-78972
-85018
-35622
15835
-81087
-39893
-64439
63960
-12136
84198
93842
-32213
855
53000
-35130
96701
42367
-83600
86615
56728
48101
-51713
35854
88611
14938
21367
4094
24266
6679
20373
-60691
-39438
12051
-47758
44045
52157
-95936
-20222
19111
23928
19328
-55836
80536
46028
-25460
42643
-2835
-95278
-67580
-59070
-92092
-7765
54053
-56759
-40133
68748
-26722
-10972
-74601
37287
96668
87036
-75522
-59598
10179
90893
68542
-44331
-40151
-36735
-1565
-84209
9309
65343
-35758
-24341
-15230
99590
33769
51799
95029
97264
82929
-85290
-62748
68132
-35848
20940
94772
61381
60610
42600
-16766
-71744
45885
13733
-66520
-84086
-9018
-75033
-35437
7829
62532
97122
53530
87443
-76252
42374
61316
-44648
2183
-71635
73123
32388
4163
-7587
48654
16262
48126
18074
64522
-61034
47722
86644
-69783
85996
-35127
-23789
88078
-98884
83243
-17094
50299
-81110
-42390
-34166
-71547
-22373
-90126
-19912
-72745
23699
-92115
-67601
21631
73204
93452
38922
34595
-11292
53944
-51253
61830
-40194
10828
45508
81326
-7875
56875
5522
-74703
-99752
-535
94342
60928
-84066
11288
-95938
-52584
62852
54926
-53925
-79264
-31937
25900
-79313
59321
-73668
91266
7261
-51772
-86087
-14151
50458
93373
1723
51821
-20369
-93221
-79207
8580
18901
30702
-85130
80272
77332
-96887
93873
-66929
55494
54414
80716
39840
-98039
89164
-84652
15725
31182
29504
-13416
15912
85143
83991
-46573
18181
-46285
-61464
-62978
49226
-16992
-15211
20750
7749
-29775
-80559
-13344
-89921
-56788
19482
-39340
-54834
61904
34894
-58625
-79674
-1834
6916
-95017
51092
42422
-19709
68244
-71753
74778
85064
74566
-24597
-13696
80480
-64881
-21573
52910
18433
45467
42848
82245
-91282
32602
53539
71868
43599
60579
60821
-63611
-96694
-37916
59260
-8284
-82484
46154
-49884
-29632
7184
-55004
-55367
2504
86456
1936
5829
-80824
-24899
-11089
-15243
-61935
-49661
24487
51262
-82804
22698
-59913
-58352
23873
54618
22147
-1145
64999
89665
92440
-62850
-33271
-91974
28726
18311
19364
-27688
-89676
56773
-69905
16586
99557
-28528
-94737
59214
-80308
81
65134
-57883
-39505
-24740
-67714
-17158
17030
63591
94713
41198
-67627
-50917
9312
23763
10538
-90524
-8602
14584
-73378
91200
97144
-13215
-3739
40527
-15953
77848
79518
52400
44959
-81004
-94878
-66688
22283
87222
-94756
-80534
93825
-48956
-64694
4415
21705
-93207
-89881
37633
-2016
39591
-77524
-42719
-50235
-7734
-76686
90201
18128
-53013
-72832
26986
79226
-6001
869
53284
-62260
54846
31738
47705
-58231
-64663
38157
-11208
-84696
-23035
55404
69684
55629
71253
-61765
65800
7990
-9047
67383
15475
-83914
-86409
-68150
-15474
-9888
57339
-84986
3053
-49923
-99145
28079
16939
44260
3613
-15659
62717
14977
-70254
-51331
45400
2667
-73761
16180
-83161
63719
-23688
89280
-81290
89780
-36799
-24288
31119
85568
14130
-48751
-58428
26585
-9306
86686
20309
23903
85749
-25940
-163
11327
-82877
-41749
-69041
72437
-70865
-28815
-11509
46934
-705
-60892
65297
-49929
5486
20471
61550
25376
-35735
87089
47583
-25632
-49687
-87623
-68844
-24263
-53842
-27425
87992
50445
-49232
-66692
-84687
-68269
-71080
33961
407
29661
22117
28262
-34399
3576
-59562
35950
15975
37470
48454
-96160
-85445
1690
64504
-47977
-15122
-1639
-79034
-57898
-80928
-62241
-70830
96848
-86533
55024
-9850
50250
-92396
-44419
-85446
42451
-13093
-53429
10954
-54959
-47669
70942
63813
-30546
35538
-39255
28881
45913
-70801
8984
-23295
-43054
-55612
79778
14825
83646
90906
-81553
68466
-24356
-67267
40188
-3145
-1234
13969
50388
83972
26663
57537
-95207
-88019
-48607
-93231
-82416
64465
68537
82049
-3839
-17808
44268
-60072
-71338
34051
35899
-63154
33549
66700
-69011
-56626
-25614
-3725
78400
-34162
-50611
-97846
-67271
-33037
43294
-82495
-23695
94836
-82695
67296
-33162
34272
-64809
-62164
-9118
-56867
-49027
-20933
79749
82184
59804
-59721
54600
69082
-87723
90816
77779
-62314
503
-96079
98821
-28031
-92747
-5600
-80504
91132
-17435
96537
-89803
-55721
-30789
-62706
99003
-66269
-54905
-4273
21907
20051
-92953
-78806
48122
61541
20374
76242
57457
73726
93221
-55278
28263
-31890
15052
90639
-4802
-52144
86221
-49620
-32151
-48282
33309
-93207
-41245
-50307
48376
78305
-60648
53060
-18328
95596
-55429
78261
73565
-62762
-48650
65314
-48781
-20081
26105
-89548
64302
-46107
12580
-17317
-71108
42829
-10611
17230
5781
-84865
-47296
92501
-7839
-39976
-99471
-33247
-35
-58615
-25382
64353
37864
29022
70800
-6729
-23817
84661
13584
-69287
-42919
-75560
93007
25264
76545
-51391
24245
49280
64962
93872
16488
-80824
33639
59968
33181
-2708
49816
41765
-58398
-84430
71107
-6370
-57077
62318
-52618
-37377
-50163
51390
-21273
83326
-18679
72911
39813
-11291
-81819
-39549
64934
41910
-96358
-6833
-86282
-61881
75228
94631
93919
-95380
22923
-64333
88646
9144
10680
55601
-74156
18189
-79392
-91633
-38320
-67463
43462
39660
58984
-82565
33256
-75661
-42511
88882
46188
56826
-66488
-75126
-48867
70703
85882
49908
42735
13757
-82240
-97810
-88892
5724
51996
60338
8768
-30104
-11248
-4451
93960
-77612
-66160
-97336
41532
17802
-2690
-9260
4942
-11716
97633
-9651
-35761
-39630
-27098
65315
-22082
-60011
-68055
55452
39837
59956
-26849
37390
94481
76010
-38694
85209
-81200
-14878
-36812
7972
67718
33433
-27700
95654
-66732
20219
-57494
11399
-54454
-65212
22529
62053
-85473
18420
79355
78062
-60520
27885
36310
12641
-19123
89469
73813
26622
-6427
-54718
-63780
63183
-78362
87428
9311
18564
59824
-27125
-4164
20996
-9189
48170
-63828
-43828
24860
21065
-26726
-27995
-76933
15060
70336
-86537
561
22194
-13230
11203
51160
62243
-11214
-16956
-77886
-11545
-94740
-35502
-60486
53826
-11577
-61176
-7697
-65701
-10376
-80257
21174
-33599
64060
17952
61418
-84695
40099
-50094
-48268
-61519
-98348
-81686
-92103
51922
79664
-81434
69630
-22862
70696
93852
-23758
-51867
97484
-18952
32916
45557
82299
51166
56520
17187
16000
-65345
32485
-96682
86233
-17600
3928
4026
68189
-45518
-45889
75085
-58911
-54524
-62801
-12789
-1930
2298
58565
77225
26605
-87330
43317
39760
-62043
19847
-78684
60291
-95722
27913
-73500
-6726
42655
54507
40102
-70981
-69196
57829
-3117
39080
57325
76597
28154
93581
42065
-17418
75821
-76724
-51789
67541
64954
-56160
99004
64056
-46702
-50827
15599
63674
86195
97182
29536
76940
-83301
72605
52393
76107
26896
45971
-93044
-36379
-24363
59689
-96840
-74274
8137
-16820
-79236
23820
-60780
-9567
-87043
-12188
-25070
-57442
-29142
-50291
-91529
-38926
-69494
-99891
14255
-50287
-76372
73327
91930
-91061
-33188
-34554
24074
70957
8801
41196
-9294
-50445
80839
11854
78357
4411
14264
-11271
38462
61184
-54209
89996
34011
-90582
82123
18701
1552
85621
56207
-66232
-31969
-5520
44363
3758
84337
99342
24366
-92493
3671
72455
56231
-59406
-87828
52818
51352
-96994
-63654
45867
97789
-10724
76402
-74724
-22544
30018
64382
-14082
-46984
-45596
-52604
8383
32499
43218
72138
21215
-81965
34118
-35317
-70510
-30330
91400
-79674
73617
-45370
49241
-11936
1704
2070
7883
62178
5448
-42690
62609
-61450
-2658
-97383
-89433
59370
-56359
47113
7772
-9414
-51756
47019
2171
76772
77503
25655
86569
-15805
-8381
46624
-80378
33316
-32342
94658
77301
50021
78716
-40628
20891
-99496
-41759
-73386
91840
-78372
27389
47864
-31047
-96361
30968
41408
-31977
-15815
-37013
-90487
-49314
-2752
5670
38055
-71416
-4689
32226
25550
-70700
-42878
43480
-14438
55440
37372
68360
34987
-5845
73887
-62204
-21494
-87261
-13842
-21001
15856
53116
-73313
-11111
-58714
-99537
9106
-90105
-60832
-24021
26712
47803
-83656
43103
-6610
-36523
48456
-70668
-4302
-96984
-60131
52988
47194
29488
-71414
82449
44456
79898
-75759
-49710
-57565
97463
27146
95143
-46948
-20253
94240
-3103
-2810
29892
58247
-14719
-4817
-67891
-92033
-91388
5689
79815
-19646
54526
-61088
-18257
55385
-44855
-83209
-57075
-85149
-37978
-15747
-4549
13477
-91086
13823
-43196
57900
-59673
20694
5523
47739
67854
50193
18788
-90339
18461
-9119
-99155
-73375
-95649
-26074
13307
92204
-70248
-98306
-67715
13807
-83146
-1299
-89938
-93256
79719
-92532
35384
-87755
-69405
-42409
71670
-52748
18049
98541
-72690
63956
11282
15224
69491
94539
3778
94152
13298
64350
40631
-94027
83394
76374
6056
5553
67281
90943
-11610
71402
-12226
-5402
5122
-32173
-75388
54102
40373
-73942
14728
56990
-61292
-89429
40434
68679
-64320
-24156
12428
60997
-57464
-91754
-21222
59754
71942
-79972
-21152
18435
10855
-6820
-62490
-27018
44475
-90678
-83869
-22664
51683
-4757
46663
66664
3090
59699
17762
-5306
-49071
-73270
22459
-94998
32920
57801
-77242
-55713
-15948
11848
25386
-56500
-30769
-50519
-24291
-73528
-30871
-53794
-19148
-2127
-92005
51819
11589
-90026
35723
35569
-91327
28680
65403
26036
-92742
-20468
20870
-94323
-92399
-96985
10382
-29825
-16078
-61044
57500
73889
-92008
-60250
-29859
40368
92729
53339
-62905
36908
-86679
-19450
-63194
-67812
28191
81967
-35881
-64682
56578
-50047
76864
49626
50827
97748
-63968
52556
13099
-38158
23028
-81242
70301
82970
40427
-68761
-84735
8966
81498
-78650
-13084
34657
31269
55582
-34572
51357
-87823
79278
-2715
-76444
-74625
-85284
-94437
50712
-21468
-30751
84610
72101
-82969
67543
74816
11722
60603
-3234
48853
13404
-39135
-15713
63041
44479
-25275
-87629
-82430
-65701
-77491
20843
3952
51376
-11655
-83547
-53600
42294
25504
-70944
39564
39617
-75793
16658
19774
94054
-64917
-32903
67831
9451
72312
-97802
39436
1309
-55165
-80749
-95986
16321
-17544
-36433
81305
8117
18423
-51701
-59675
-50628
-57657
30173
-43366
-15045
46415
57677
76931
-78542
21970
11765
-91305
56345
70649
-21250
2695
-22000
12573
-95004
63857
54948
-36205
86772
-99904
-20446
-79182
-74019
18501
-84000
-77849
24198
41117
35540
79669
34008
-83498
-69384
98989
53275
-51800
6193
-47074
89510
85618
-88498
52318
-40904
-43821
94815
-25283
84336
85015
-68713
79095
-91028
22181
26199
-21600
23843
-41461
-21788
-21882
-90963
7898
-27602
70555
30919
56745
11995
37918
98904
-63624
53913
81809
-34835
-6381
-94616
17586
-23595
99181
25958
66697
-10238
83396
-33857
-66122
-48324
-88661
-67804
76363
-35929
3213
-81530
-84114
-50188
-6349
52451
-88595
90928
-17221
89653
-54149
-30983
-33115
-87865
-47422
97011
-91809
63568
52868
91960
894
-92338
-5959
17722
40994
-42539
97447
-3006
18305
42092
-28830
52054
89957
24404
54715
-86073
5564
23516
-43098
44814
-4018
-39377
3157
-30224
48820
10901
-76522
60739
81964
-54439
68453
-17568
35093
37315
78364
-75424
40308
-54531
20321
20183
47006
23686
67032
-34289
-32508
2405
-69869
-92662
80681
54653
45993
21960
24529
22750
58099
-40210
-54434
-32064
-56044
938
42286
1137
-12205
-50126
-4755
71647
53390
-40140
59690
59441
60853
-55468
11446
-3020
95420
-51464
-53761
90536
-93434
78919
-99836
42978
12467
-73478
-52579
97412
9233
-6682
-98930
-81616
-95556
25264
-21245
-10949
34728
-6619
-18087
-18093
9456
-62445
-8625
-58625
-35925
71398
-93100
-6193
2375
82862
-86605
-23514
13683
34665
-83391
6331
42935
88548
52851
39998
-28839
-75638
47221
-85706
41904
-50234
96496
-14852
-54240
-52283
-49424
-59641
94598
-21328
40686
67182
-5634
65597
31069
21589
3660
97728
-30773
-57461
-87508
36948
95003
50959
14848
93526
37467
-71399
26157
42227
-58998
-32593
94517
91333
95991
-6055
65745
-70214
-75160
-33863
-8221
54272
9756
-50853
-51701
11679
33106
-26473
7653
-77316
21562
95917
-88049
-21464
-72163
-92974
52331
33287
2687
49205
-82554
-39606
-34025
3263
45224
-95076
20443
-68927
6939
90459
56475
-63403
-69638
-34175
20263
35304
-31571
-19179
26979
-2081
45022
89980
54621
-10937
-40473
-44292
18878
22922
-14880
-47616
55051
-34294
65894
7897
39860
-17710
21941
66697
59234
-24561
-80617
-14121
-81795
8763
-19802
-19644
-12866
95545
63358
30751
-23435
-78026
-14603
-51862
-81395
-96765
-2170
23530
99790
-54014
-74344
65310
73353
-23184
-6024
26335
-22562
-97907
-10495
-56410
-35506
-60825
8961
17099
76724
34907
41099
42494
-2522
-3437
69819
-49353
47759
-46273
36414
-74312
81817
-16561
-3801
55929
-54473
-35986
-82287
96317
96292
-48128
-65264
92071
19142
97489
-51292
66552
49
-2586
-29982
-14892
87085
7881
-88572
-41394
-29038
42918
72166
-11032
-98775
66972
57630
-34346
94224
-79631
-40008
6603
80069
-34368
6620
-9162
-68374
-7763
-32509
-71639
-25172
3147
87615
34902
-72266
79744
-3301
32835
-4839
-58894
22355
-23698
43496
-94179
-52587
-39878
6799
-40368
-12766
-85355
-32569
-14906
24626
-19719
-37187
22634
46718
-20978
77786
-12764
-54765
42155
-35380
31558
-38840
-88898
40300
1960
56547
-38458
-67961
22940
-6016
40886
-66639
3564
-93597
89365
64954
-81076
19975
56311
-71061
-72720
-76524
73525
81397
90943
6166
-9934
90387
12195
70281
-65566
-17981
76660
-79848
15952
35287
-92656
80960
-91947
66251
-45356
-58480
-84281
37540
67369
5378
73642
67916
46656
52487
22041
-73577
60205
34746
33065
-79163
78841
-26004
18046
-28787
-88133
-26913
19433
-82086
-22478
-73357
-67340
-23100
50433
-48780
58348
8325
-86061
-64930
31054
96388
-45092
-16331
-31207
22020
50194
21482
-60924
81421
80925
-41891
88166
-94809
20547
19852
-92015
92027
-76981
49897
42750
-6816
68922
42056
-95725
31116
-27906
14423
47852
-17860
98408
-37373
45569
-67002
-43795
93285
-96039
-63056
29606
-3758
-25780
-94870
-68968
-58924
-1928
84251
-1161
89381
83792
-24437
54260
19273
18209
-30539
29005
46206
-88348
59385
-86118
-83780
4933
69660
-49119
44390
45965
-77677
-94666
52191
38593
32409
92383
-92869
28065
84144
69221
27316
78064
55406
88813
43963
84132
61426
-29939
74271
-37942
-82675
-17077
41950
-30208
-71074
-16462
55392
93168
14147
23708
-74709
-17331
32856
-98402
42865
93447
-13641
36761
-83050
-47556
37109
19924
81460
-31435
-52890
-59767
-56078
-58756
35972
-47110
-37847
-47411
-85330
98923
-45620
8137
-64252
30784
-14177
65831
80766
-53509
-16781
-51412
67247
-24933
-92011
-96108
69135
-68690
-26221
75461
14134
-51169
91260
-30351
844
-49149
-51202
-49661
-38316
-51106
-61506
-40662
-74458
76426
-49079
52401
-60088
99867
-80904
-27017
41226
-77929
80245
-64395
76537
40902
69031
98364
76511
-10749
24288
-17668
-21907
-70962
68991
27977
63149
-7783
-27141
6187
88698
16602
88222
-21271
1719
72769
-17841
-25545
34723
93609
-89047
-35023
79580
-82956
-41323
-17731
3649
-68537
-79663
-30509
-96
-61194
74763
92794
72124
88552
-79110
5482
-97321
-58182
-89682
-81650
-46010
-93831
-75252
-64865
58482
75450
10431
-1982
-32445
-55792
-10875
45780
-8770
-15810
-49368
-16529
-93518
2119
48512
13152
13
32736
57026
14605
9575
-61003
32670
-61633
-40749
95618
69494
93086
-57192
59877
-11508
-96299
24501
29962
74513
-48027
-64534
42320
-2162
-12264
5442
15674
18736
-40934
-62133
95600
-39600
94285
-71876
58690
3332
1479
60523
-81346
-12713
7250
16562
93956
-93007
-21882
-68750
59023
-17703
-51995
-85449
-95388
6125
-68875
43334
-25874
25442
73280
12326
78092
-40824
5949
66543
-4306
-88812
-40497
89440
71570
-42725
31260
6643
6935
-37587
-48522
7195
75268
-12580
-82418
-71701
-8472
49472
-58315
-25267
-29826
63842
43898
-89478
37923
-26940
-97486
-31235
92983
98931
-77857
49449
39065
67254
-50933
98676
74877
3133
-2712
-96104
-72657
42164
-97874
-68417
76613
25091
-80994
52618
-74550
2742
-89455
81432
-1493
51043
-89922
94985
-49903
-8642
-43952
49988
-77690
15248
-81060
-55431
-35422
56978
9543
-56506
-61352
-3471
43914
96021
28563
-20792
-1664
73436
-11809
13857
-63157
63348
-70835
51902
39529
66185
-39226
-49164
-86369
70413
-8868
-89058
48627
87347
52748
8762
20429
-69449
-89965
47237
-64785
61844
-18309
-66904
21231
-53761
29939
-22960
62422
-45785
-86689
-53438
-91147
-57228
-87783
-59583
-19250
-61273
-44759
-85201
-65296
55865
-76687
14253
20480
-82042
35735
99909
-60632
43980
-15515
20096
25619
-23374
-7918
-7458
-17590
-20286
99448
95187
-99595
55103
-7445
69367
62922
49253
-52271
77569
18572
32639
-90767
46320
30492
-18451
-82639
-19829
7512
-14681
-75410
-67719
82095
83027
-64323
-78986
33786
79524
-84762
-46046
89646
47232
7870
56188
95014
-85891
-58502
-47417
23151
-44175
71897
89617
34566
20576
-68878
-81101
-89276
-86603
-52901
24192
62755
68570
90164
66995
-68343
70380
-17356
-3837
17177
-11482
95608
-18349
18667
50046
-67920
87343
76330
-78961
47014
-28933
-52676
53076
-38688
-75069
-3664
15311
-53510
-79260
88224
-30767
36644
-30869
-94598
-53586
-924
14077
-66124
-36180
71451
3886
-87468
-51595
-78574
-56543
27034
39467
27783
42858
-98054
-71061
-69617
-17530
55948
2229
62590
69972
-86140
20573
-15059
80924
-12839
-99018
-88896
-46933
-63495
47376
-17400
-11779
-55764
37196
97777
-40927
95199
51577
-4232
-20802
-98435
-56565
35321
-84141
13229
-76062
-81637
98681
-53965
16368
19138
13876
76092
64560
-3554
-3379
28619
-36158
-94165
51277
33118
-41231
-66956
62478
69876
-14068
-46746
12338
-60327
-90314
-43255
-91557
29927
-12112
-48671
15785
-2470
21138
-69506
81333
41199
-25410
-80382
69397
-67210
86799
-19273
62326
21523
-8301
-54552
-67273
32047
31942
69430
-32406
-17068
56372
46050
-83196
8460
23909
3900
31008
-56464
14907
-81782
49331
-78315
-79756
65662
-55252
67967
-4796
-4841
42514
7249
-87842
-25181
23305
-77034
66449
66807
49146
-18212
92424
-20149
-14534
68368
-94408
60819
71923
-92746
-66116
-56512
-47236
67940
67992
-23189
7986
-27376
-85004
45426
49780
-15458
-82982
-74248
44252
-59598
67455
-99102
47834
31862
-21832
-79601
-71885
-98572
88045
70443
31154
-38258
-7728
-85738
-22
-19352
-42628
42180
-49432
16109
-48116
-62020
-81085
37663
-63296
-26434
41714
15207
-799
57047
-30858
56874
68378
-18461
14085
90641
-48376
91587
85965
-24422
-45029
-7094
-52538
-6801
3443
-37871
-26306
16326
-10428
-39340
-40990
-65031
10476
40711
29559
-81117
-61579
10240
8027
-10822
40386
82309
35110
-20419
68189
-55487
-45203
32764
31433
-11028
-63526
-6425
-85457
-31328
29040
74371
74557
3330
-26731
28177
58179
81540
23192
-47549
-38423
-85341
-60008
94065
-11822
-39268
4729
56967
50843
94155
86894
-69281
67580
-78976
-8658
-48627
-4502
15055
-57172
39361
-44533
-52192
-80913
-51766
-67244
18753
-29461
13101
-18843
-73942
-17779
-27381
-54368
20459
34640
-78997
14236
-29591
-67357
-17412
-86175
96656
20436
9453
-60035
79775
44135
-64862
27007
-49429
45572
36221
9094
57739
97014
49059
70245
-79044
-54270
-74915
-3004
-71736
-75368
-27776
78511
-64706
-9442
35269
93882
-33892
-97753
-15430
-90130
1275
-63799
20117
-38405
56717
23353
73719
99389
-65041
44570
74170
86004
50120
57482
260
-20239
-86293
-55393
93927
317
5993
11741
31289
40664
-46315
-51152
-26086
57632
74744
-61642
51978
-12755
-43911
-97542
542
13796
-81107
56622
54705
4876
99383
51633
73918
55426
-23735
-79382
82830
-54287
-65636
-35773
-62461
39103
40640
-41009
-10519
45701
50387
93071
-40866
97039
-2941
-95501
-51812
73048
33455
69488
36588
-43205
-51769
-18637
-92892
50707
95978
88877
-29852
7371
-74346
54906
57335
56648
11156
90866
85072
-53102
61296
7980
-17308
-61790
-64257
-6137
-53970
-13952
-74393
52776
-66718
32446
-28501
62411
-79774
50408
-4881
8368
2088
80473
-85330
-67012
-36591
15137
-46711
84186
-31456
-95517
95154
-24272
58303
68962
-48168
-29779
-90075
48996
-72093
94519
94300
-41980
-28616
30842
67057
-87490
-48893
-32534
-70321
-84799
20988
-30811
-5693
27084
92145
-16333
12956
54338
-43830
-55459
-18814
31889
41439
-22028
-58913
-51873
90808
-66863
-75926
-45782
69987
-65717
12200
46564
-98997
-99702
71546
64922
42380
-91946
-61591
53334
77913
-45622
22662
35966
71820
59938
-49576
46991
99312
65877
95432
24085
43938
-1016
90168
20556
51540
-65277
-62363
-65196
51614
-2225
-44683
-86507
64995
-88590
34051
-68182
12010
-99288
93232
-45464
47150
17692
86150
-57529
-14852
-47976
74644
-30571
-31489
-56920
-68856
86474
-31755
-15376
-89539
62857
13680
86243
-92077
-40752
-73591
9382
97536
-86759
-12300
-88343
47907
-76539
-41152
-8666
-77041
68642
-48176
57202
49497
-99557
72724
-85950
-6057
71876
40857
51512
-57034
94496
79244
-41926
-69907
8822
73220
27869
23114
74264
-89668
19970
-93459
-73206
49609
-70719
-84775
46550
-68193
80039
89603
56444
19714
56018
-43729
-80142
-1872
32992
1969
-75987
24466
51087
29676
-85592
96824
16414
51425
-72268
94875
7298
48214
53745
-4239
-57672
-14956
374
-91602
-79513
-71296
-66227
60472
10540
42961
-62675
-3325
99621
-42833
89333
20285
-59353
-1633
-42921
-79562
599
12912
96287
36415
88331
-59115
-65272
-68192
-17884
41500
51650
-97219
47069
32565
-59027
15977
10454
-26912
14064
-56014
-50786
-65747
78782
-13351
48982
-44567
-44630
7925
-61997
72233
18366
-66529
-14331
33718
31212
39109
-81251
-50820
66885
3098
-36628
-76685
84551
-85897
-5245
-42753
-12589
12003
-49775
-99853
39048
59925
53674
48918
35753
-35106
-42997
40702
-91312
-65613
-88303
-56219
687
-49253
75302
95666
92532
11524
-97511
-23479
40839
5641
41781
49506
64031
9379
79847
67147
1600
86383
23397
-17868
6410
-13277
71459
-41169
77104
-58288
-10192
38144
39936
16933
-6069
96678
-20025
55024
-12084
-77553
-22872
-13966
-92982
4583
87435
-1706
-818
-53764
-11344
-93284
63665
96552
97921
28353
-56645
9619
-14410
38661
-31878
-51006
32492
-67260
5116
76621
-13454
25257
47227
-93987
-71333
-7067
-86960
73113
6117
-99985
-95081
26938
85823
60915
7884
52051
-59602
-89257
20391
-99203
-48912
-96455
-87410
28465
-63575
-51466
-88826
16631
-63826
76497
4411
44690
55441
-28982
82258
-13983
-11109
48988
-22451
81239
89731
-49027
92102
-54668
-50942
84982
-14784
1179
-40891
-49035
-94337
-13545
-48546
30418
-61251
-37478
98955
-11014
-21640
67049
20667
45944
73085
40102
-68788
-70287
95752
-63259
-85177
52203
-66677
-8858
-93877
30401
-3020
-80361
-53589
94809
47317
19497
-94383
36983
11372
-37229
-41169
68739
-15809
-92707
-80540
81300
-52708
44394
-77510
24234
-1771
87636
43665
-64066
32800
-74990
22679
29456
-28533
83605
825
-72637
-48406
96569
19117
17094
45747
-55798
93763
97092
76832
-5850
-83484
54910
88152
-35048
92010
44367
23355
-99976
31759
-19758
51173
-18799
22098
-7520
22731
-34164
-71844
40032
49148
61620
-83484
-36783
62160
3420
-16552
60738
-43328
14845
96685
96136
-81975
16603
-76866
66243
-27033
73752
38029
43125
40975
-94874
62927
25629
77787
56146
-9102
-24244
17229
-14256
45013
-68215
-16496
-80244
55359
36143
79226
58331
47568
79916
-44492
25515
-56739
1105
69058
30991
50305
-64468
36564
-78393
-43075
70
45326
44050
-35550
56115
-78539
-22823
75948
-65946
6398
38816
48455
-21244
70612
745
8404
-57148
-86848
-73461
-55862
36500
94916
-82702
-32892
47592
26485
81698
31275
-15535
40183
33089
-38830
-53582
56983
87112
-85673
-62391
-21772
16414
42536
-70083
-21084
-59150
74047
-84263
-63298
-64459
20213
-9562
76726
67713
42964
15790
48354
88584
75219
-30268
80705
71221
-4325
-78634
26874
-42915
77728
61841
-73750
-60788
90524
22687
65201
97464
41902
-1627
50326
-73711
-93366
34892
-34574
-4641
-57380
-46175
74836
36240
88388
78599
-89846
35280
83272
-47033
-63742
-56736
-81237
63549
-59458
19768
55045
59766
-34972
15145
-33265
18396
12794
-19284
-5492
9229
6437
-74336
-39354
-91264
-66317
75711
-32554
54647
-71508
63388
66711
81335
93960
-22023
-28342
-49978
-31862
-44073
-24600
-55739
-79875
-44716
39700
614
32401
-96479
-57449
85076
45738
90140
29145
-34337
-62473
84112
-38434
-84504
-79492
-58032
-78425
-3092
-81638
94091
59182
39031
15652
-46121
12523
71703
80787
-53683
-76662
-4293
-41221
-21096
-27876
-47315
-9465
28233
36037
8411
-25146
-70345
15882
-60238
84350
55412
8729
25178
-4057
33116
57723
43242
66286
64889
16240
22645
60251
21316
93734
31066
-20885
-47759
46535
59400
-33321
-15987
89886
58898
-68038
37350
-2223
-81095
23722
-52053
58856
-95852
55016
-3961
57049
-51265
-1939
97300
-89679
11602
-87340
-25846
-59412
18969
60779
52966
43325
-63165
-23818
62077
-85067
-78392
94213
-85819
-47391
91032
-83258
18972
-38917
62395
6233
-85468
-51859
-78091
-14931
-71916
-33221
-35149
81887
-54389
91182
-77685
75105
67670
98878
-87251
51329
-98182
-32836
6833
-74593
-26364
35431
-78818
80965
-34408
71570
44147
57387
34589
79229
-32823
13032
-79761
31683
59182
35461
-95316
-56054
-59219
30647
70433
99330
-30403
-81451
-78814
66058
-35110
-92689
85108
-20713
-78902
9989
-5169
43111
-39600
-60813
15979
10709
57136
98016
-67800
-77272
78882
47837
-55809
-76123
-78727
48305
99688
3779
16034
71668
-1588
85365
12238
12963
-54656
31923
-57773
63124
-83674
-87770
-46198
91782
-21383
-7272
-98050
-83446
76606
-38152
35162
-30063
-3547
-44027
1608
11035
82131
59373
70580
-61578
-99393
58129
-40825
-64532
94026
92004
-99393
19930
42302
-25557
60841
-78152
-85124
-98978
-8306
18421
-18734
40132
31397
40254
-54401
58860
72609
47099
-23495
81055
58686
39954
81296
-63236
55810
-73215
36773
90048
87823
95290
38642
-23900
-38677
-71154
-21724
-74765
45501
-34807
39689
-25384
-66814
-94474
71371
-38222
31290
51005
-12315
91003
47762
54080
-37397
-17964
25877
-58498
-3440
-51499
33030
10356
87241
62942
17483
23606
-46093
-65612
-29846
69185
-16295
44058
-25381
1789
-17614
60211
54379
-30193
73932
95768
35028
-13158
10184
95472
90091
-79474
-5672
-89342
8149
-82428
77699
-66128
-80109
-41338
65151
-69312
-37638
-20460
-81170
98579
9831
71027
60933
-23415
-60295
48538
-45735
-35796
80748
62025
6070
8977
57320
70907
-57108
54984
-56672
-94498
-65442
52081
29300
-38788
-29358
-97990
95053
-77147
9844
22493
26928
-52609
16413
-23750
68017
14677
24473
-41438
42197
9021
8924
-86018
-90733
-67798
-73936
-22171
-58640
-57238
-55510
-35473
9185
-69214
-13355
94246
39140
-64341
62451
57253
25930
12359
-13913
89990
-34858
81255
76765
46923
-15805
29006
27442
94844
22459
59543
-88353
13190
-71565
77554
32292
80581
18463
81094
-67192
-63829
-70531
-97103
47813
5885
621
-96488
-58718
45362
16673
-22432
-47371
-10658
-24154
4367
75132
-26421
72347
-32599
-63873
84960
63092
69955
-64705
-44028
94152
-87076
57780
85879
89692
2110
-40596
-70952
-48814
-14648
-37938
-66396
75741
24889
-34273
35440
74396
61130
-6006
87808
1943
99629
-68054
-22083
95875
26573
63160
-3504
-12577
54380
73088
19821
71740
-62026
-64964
-89518
-79516
24566
-6401
-45410
29213
-2031
-91572
68472
-47747
-36322
-14689
44137
64338
51807
97042
40371
65568
-74406
-82787
49506
15243
65273
64237
-55587
15323
-81304
-30892
-46480
83453
64280
-23781
50790
-88498
55748
97055
-36644
-65360
57903
87250
-82529
39421
89333
-235
-67320
-9585
-63387
86579
60826
74564
22479
34
-68284
-96684
-73676
-33429
4321
-53953
33088
-14622
-80004
22049
65000
-25710
-22961
-81960
-64784
43222
-22570
48914
-72377
64270
-92972
-6173
87331
57034
88236
-95030
40919
52276
63485
55689
-20507
-18547
-14209
73434
-31657
57371
-52970
67965
16916
-20865
54769
85344
59889
74101
9221
-74963
18443
44165
56431
1353
-61197
48200
-33933
-77300
-72026
-4054
32476
58488
2434
17593
39269
96220
16289
-89580
11381
-30185
-7624
-21923
63702
11868
-21240
2512
-99226
-76209
-71010
40053
-15904
-97388
-82050
-55989
75071
11243
2404
-60160
-22707
-75853
19448
-67317
42134
54029
-96500
19381
-66450
-12912
11498
92587
-1667
-16329
86964
-10905
-60694
-56979
-12167
87760
-76364
92635
-89781
-28152
32779
79214
40450
-8863
-67767
78150
11241
-28608
43976
-92878
61548
-67234
413
36419
-18997
24452
-8516
3637
-8696
65518
-29682
-70337
72066
-35526
-66408
93355
54888
-44039
-44001
-1690
41564
-36698
-96624
13969
-11211
-89616
-71843
68277
63320
-63911
-19166
-88566
-41941
51684
-30336
30270
16458
-89100
-67886
-22950
-83703
14241
-87721
67262
97693
11364
58420
66099
89437
64464
88191
-38054
-27851
44440
-97992
58716
-93816
58387
-26358
87224
-81158
23653
-27577
-9801
-1548
-59321
37642
-58555
49643
52598
-53456
-19883
-97290
72346
-18375
17176
66722
-87895
6886
1168
77419
-71773
-58427
-67032
21167
-25008
10694
-88686
-27034
51663
7102
60838
95083
-87139
68855
-43156
-98835
-11336
96747
53677
67915
2508
-78020
87413
-10437
-9105
29992
-29139
75952
-44544
69424
61889
24594
-71733
-84440
-71240
96651
39783
-87690
-83044
-26678
48993
60871
-95846
62432
-29503
66540
-63409
-9672
-36955
72349
63534
-41471
-89090
55108
96829
-94497
21951
-46906
76771
75706
-73939
56175
68486
-76403
93944
52940
99555
95978
77404
72528
-16128
-47012
-40675
5960
-47046
26358
-71079
14289
42697
-60707
-56514
35340
92751
-63768
-37844
32152
-93260
78633
-17554
7296
71622
10765
60872
-67770
95609
-79292
-93012
-90719
76622
27581
-87200
74774
15111
-22359
-5266
27647
38407
93761
-42469
-66430
55581
-95496
76530
-2284
-65255
78105
-35826
-68491
-57643
-29925
52570
36071
-74633
-66055
-18976
91708
-73766
-25431
-69072
-19683
-78318
69459
-89541
62657
96458
-45398
84957
-81946
-7966
-78798
95474
39653
22697
-24240
95778
-57730
-15715
37560
-63307
40219
-42319
-8043
-89157
77392
44012
-67913
58301
-50577
92282
88589
-17591
66344
39085
-43916
-79922
-55453
-75151
77147
6160
-47484
-8244
77684
-97374
-37207
29806
-10982
-7346
-11024
-79555
68333
13602
-59485
-48383
-35273
82011
36759
48175
-47084
-74205
-32030
71412
56883
-1633
37287
-37
2996
-59326
-40123
-74111
-53449
-6902
38152
-6954
-3623
-84211
72696
-38285
56375
-99358
30053
-41858
-95646
26753
62568
48661
2499
57047
57804
90512
-99697
4159
97169
-10708
83287
24674
-25857
32646
91957
67488
-57426
38255
-52819
13275
37875
-62036
-59619
57170
-33765
19615
-66043
37276
-93809
77274
42313
-73488
30201
70456
17313
12381
-71190
80280
-22985
-79085
38596
63453
33807
-35622
13246
17892
-31680
49885
-90630
-28042
54927
74119
87070
-64486
289
748
93314
17608
96626
-32445
40773
75064
5176
28323
63218
-32872
-61061
-46253
55225
38277
-80840
-72766
87567
24069
93741
-10603
-80181
-39298
-6706
-84427
-8650
-39836
65650
-20552
15033
-10444
-3694
78765
-14114
39426
35304
25583
-9804
-61286
59049
86164
52921
-54369
80483
48191
27056
-96353
-41838
-2429
94556
-53043
-5255
-12047
13519
90059
85413
-75640
65527
-85987
-7313
-50039
-973
-50765
-8006
-42081
79662
-56695
-9963
-53638
73443
-33086
-87295
11389
-28485
-79024
61950
-39051
-80078
1562
-15413
63306
27805
-64092
72489
51929
64146
87621
1638
-7911
-23640
71958
-63273
-19049
60218
25444
-73207
-52984
5392
-2686
64956
-30372
27709
-24909
-9626
-31705
31847
30740
-69590
-48401
-84155
-43459
-51891
19065
-22759
-64500
-52294
58834
25585
55823
71224
-38549
90385
15134
-47257
-88098
16578
18504
31378
37733
80947
-11307
703
-48734
-67272
-1817
-80200
64114
-7618
49190
45555
7749
-52396
-72361
-11553
-41961
6118
24934
-87165
-81974
46494
69120
-64779
-39466
75652
-93113
51739
-55253
-86262
38345
-83700
-45709
-5410
64882
4852
97067
-45142
-17044
-46444
-90402
67296
-32837
23828
-21152
12732
-17550
92757
-18485
40031
-25678
-70965
31852
9483
-25502
97133
-28043
30789
-24349
-25899
6245
84420
51895
-81007
-54308
70127
-66411
-67663
74905
18743
-52821
-28902
-59996
-70817
72778
89544
83644
-87279
22398
-57785
18676
90815
28341
-85440
-62498
58383
-3349
49936
4106
-59262
34608
70840
-50907
-83305
28346
88849
88890
57746
-57092
-26134
-31431
-21835
-10370
99453
-52138
-77866
58443
75927
90479
-36239
50732
94410
48466
-82513
17938
-48241
-47255
82765
-72107
-67918
-48577
55071
67221
55893
52178
-20528
30650
74107
-41874
17107
-24696
-44472
71210
-12261
-63504
65499
39616
-54971
18294
-65958
68739
12282
47652
60855
30290
43421
49614
34322
-50635
-67786
-41404
47774
97611
-78614
-90098
-489
-47122
38585
-74718
-8025
-20201
-79436
-38345
56931
85872
46828
-84185
93729
87505
57492
-87290
2330
-57963
-35689
-80860
53759
-19848
-65593
50121
-18621
67682
554
-66818
64148
-80448
20812
-33619
39693
59970
15875
-14258
-37666
55576
61857
47359
-68897
-42777
29075
76915
12782
-72592
-22374
-79886
-28737
-45801
-84734
-75310
-22376
23071
99987
-82172
-73184
-81548
-89451
-71255
77952
-91861
20242
93692
34616
76898
-57589
-94040
-87440
-82824
-67376
-44205
94199
23072
45376
75514
48619
28079
-96853
74906
-2493
-15235
56078
-24107
86187
-53229
7440
13099
-73974
72702
17163
-74838
52075
-51315
-89493
88527
-39153
-11564
17601
-55384
-77517
-40120
-55815
25498
26535
-46574
-90564
20544
-14181
-44922
-9402
76733
-1514
-99873
92952
-48719
-11818
59669
42242
87793
-36193
-35322
-59907
34964
97301
96780
93731
-35892
5649
-51643
-96010
-93460
64133
-82703
-41314
-19863
17669
-43588
-67029
20727
-62628
-60506
-9138
57316
-18709
70014
91724
-36820
-72564
83756
-72049
74155
-22898
-72181
-85795
-26426
54321
-94527
-80380
-39900
77259
59208
-35586
-31996
-74532
-47228
-2794
81823
-47147
84101
-72520
-82320
-11346
92585
-58643
71632
99651
29816
8727
92984
-32104
-38324
76185
-99549
79556
22505
-27979
97118
-88082
66430
-92139
-81908
-45388
-32382
-82211
-40106
-41326
-33705
-59040
-77645
-69147
-67197
-43534
-4980
29812
-38611
35780
-85035
-64497
69752
32660
-3055
-38609
-20037
18196
12905
35
-11106
-51567
-20897
-97215
-22914
-52145
-82066
-42697
-27831
-18149
81829
38324
91975
59792
-34533
-97603
21666
91840
-879
-87987
-78021
71037
-70923
92149
-60044
-82216
-9752
-969
-55756
-42932
53403
-8631
62137
-69594
54753
40963
65545
73025
59403
72208
-60130
-44489
58715
-88114
55631
-21889
49837
71431
-48406
29751
-89680
8882
92408
12978
-73527
-38994
-36031
-5540
29573
45913
89294
41613
72624
-94988
-86056
26168
45728
-82811
-25259
15326
-502
66223
8936
-43878
18067
-73820
14557
69069
-81457
25429
33090
45670
-40743
96128
-97283
-5860
6626
97290
-25511
69091
19260
-90362
50870
-4157
-14022
-49170
-11019
-92496
-50768
-53496
53446
61398
-84440
8241
-153
66559
-73864
13850
44773
-90611
81513
50404
-95210
-77788
-23432
-84850
83751
24762
-71655
58312
-39029
93349
81167
-13560
16897
43232
21181
-51742
44940
6556
69372
81213
34825
86818
20735
71461
-5114
67432
-68480
-3886
-36310
26825
78790
-68683
16818
-91481
-55838
50225
-91724
66844
15637
5178
97207
2545
-55265
1655
3164
11422
-92809
-78342
-91714
8554
-52183
4211
649
-24891
29642
47490
-42428
92806
-98121
-57260
-77098
-6377
-46423
-82961
20661
55167
79033
42333
32680
-88248
-90472
26854
16532
74599
93563
16463
11610
32973
-64491
91657
-99520
-62572
-57452
39030
89750
-41113
-87291
-78304
54731
95435
91379
-14766
-34567
10354
16564
-18454
31830
31277
-49156
29114
49467
91625
-98171
11096
48077
6970
1283
-24672
-74228
89142
86784
-91324
82071
-77620
-25412
51520
66754
-1345
-18227
-4785
66553
39763
51519
45342
80955
13753
-40677
90107
95490
-76392
-42252
95855
61602
-2270
45013
98952
84019
91442
-71048
13503
89221
-71255
-47005
-26977
-13121
33891
18314
-14263
-53982
93574
96082
-28001
-87865
-96180
-6207
-41352
-16596
-61670
-50697
-87535
75497
61000
63589
-87296
-39445
30147
-5793
15230
-81060
25516
-30881
-46066
35793
-69632
59309
30832
-43438
-12048
54660
-32588
36408
-11301
-90218
-28999
-42038
99531
16930
95460
-62268
6098
-60275
42959
-46489
-29880
42145
68483
2053
-95814
-25385
-91340
81413
84771
-34914
-88978
16540
26368
59559
-50672
9832
-64251
30473
16914
20774
92264
52442
-74577
-72958
-84793
-93649
-74686
64352
-1128
43170
51666
-1013
66627
12423
6763
14207
33258
-64028
85152
56620
-25889
99205
-58102
-1762
-82610
14212
-73417
14593
16504
-46807
-76925
-93209
22969
-51069
-42773
-32572
30636
71760
-61496
66719
78660
22469
81264
45319
54802
-91481
36879
94543
-89002
67198
45358
15906
22250
-71160
-80879
-66630
88680
-54423
-30777
29645
-71740
22685
17400
-94646
11520
91200
-1311
44079
-79448
62200
-82886
-49720
34454
-37012
54256
-13949
-37695
-43802
9744
-83515
-24197
86531
-54506
42615
-97586
-53282
71356
21943
98430
-82882
89740
-25066
-57088
-93708
23742
37795
-5218
20881
18000
-21279
7936
-30131
4376
80966
4326
-92482
-76736
10658
32535
-13342
89147
93014
-46584
71541
-35427
67558
-57962
26171
-38494
-90746
88014
1699
44185
-67822
16449
-21592
43665
-66455
-74155
-84308
26045
90906
35029
13679
-21548
34383
-24717
-45761
-67724
27006
-51857
-16716
-2828
-26127
85187
-82964
69449
2117
-75920
93446
-66230
30152
-18052
1126
90117
-29442
-52215
-51079
-1597
-43141
-95221
-17398
-93208
-70589
28526
-52879
-91270
19379
-83064
61053
-31409
-28852
-23958
-9327
-9322
-70201
7172
-57639
-71682
-11719
49261
-20658
-49407
-19736
-27162
11838
-72851
52306
-85651
19589
-86292
-74500
-3648
-38819
63114
-65318
-34440
-2670
50484
-28178
-55097
-29674
13039
17593
-58453
40042
15860
29361
56765
62795
-72852
-29097
23160
-38508
-95288
-98956
12674
-63861
-22814
76789
98614
-45950
64544
-16112
-6866
-42188
-20063
-47039
23905
5307
-81337
2616
54950
-23849
-46948
29316
5448
59842
-90384
83217
23952
-14564
-70854
-75283
28490
-79678
-40789
2232
-93812
40125
-87714
27441
15596
-62344
19425
-14632
49747
-752
-60959
18562
88228
-2973
80320
31073
67372
55421
-76603
19941
-809
69023
-59655
-29152
46026
-68603
-92188
-819
-66803
63133
97672
74110
92468
-86184
-19561
7401
6394
-83411
-18290
63715
95248
35460
-57435
49925
-88314
-43145
-71841
43451
60789
-65139
-191
99008
80915
10822
-14465
-46410
92500
64002
-35177
93084
25716
-39643
61128
21772
4821
65906
86155
-53887
-50116
-62916
-5175
-44573
26304
-82334
32109
38507
240
54918
22178
14513
8801
-97311
94444
6554
-67718
-90117
-6189
-27053
77332
84227
82072
68997
-66983
21719
-29139
-62851
-21627
17997
90765
17860
51094
43003
90215
33691
-2509
-21383
13410
68334
-92018
6339
89960
-40201
42855
-55447
58533
-42328
23849
85321
48754
53922
39875
-61079
52701
66311
-26498
90423
47703
30008
-82650
45300
-8296
-71607
84193
-54780
87788
35981
-53514
1490
89428
-58794
-99172
1987
30847
-8839
51254
4690
-72573
-11906
33315
94368
94818
59026
-90247
8363
-3343
-12723
98132
66710
76776
-88309
86762
-37540
-24183
-6954
-48788
-96369
-16578
-91520
9316
53989
79507
32538
32016
-91275
-81767
-44250
-58547
-68637
70337
-67238
47256
74498
20373
-58927
-97041
-74167
-72712
-58986
-15233
-86813
-33634
-64821
-75564
76630
-55840
-29836
-46237
48949
-57164
4922
67191
96157
-21760
17441
14516
-32065
99754
-78786
-60752
64175
30110
-80856
48688
-1067
53283
48185
54557
34098
58041
-43681
-11435
89260
36014
68909
28921
30444
64370
70513
46050
-15155
-73751
-79194
-35936
81600
11884
11215
6911
-72894
90268
57646
61479
56233
-46324
38873
-29058
71546
54050
-85179
-54964
-85650
-95789
-26894
-11705
-96740
20029
-61549
14968
-991
74331
36606
55184
85709
59198
-22905
-28564
65622
-51454
-21706
-83322
-63008
48465
-26970
-45334
88394
78179
-17672
-24629
-55331
-62703
18920
48020
90419
-45295
14941
-37549
42079
-43375
65889
-47001
-75635
96399
-671
79262
20938
-56039
26630
22240
40510
-23789
-58153
-71123
33108
-4332
-59728
-79755
-54143
-63829
89421
-93308
33061
-98715
79878
80852
-74051
83316
-6734
95664
73391
8294
8597
-45810
-42756
68107
64181
37889
72499
-27423
-94098
-44988
-75627
-22300
-8577
10258
-66090
-2709
-80117
-26988
-82258
18532
22743
-76221
50025
36370
-96183
-36992
84048
-86881
-63801
-78261
59208
64133
-65919
-2404
-71258
-55156
2319
28760
-48699
78386
-12181
33822
34828
-9596
-34431
98935
23030
-44322
80770
59147
-74573
-26630
-49971
46539
12802
22710
41136
68164
13594
-83030
8880
97763
-98340
3671
-23211
62761
62036
-5808
-29378
-53087
-30287
-83482
-95502
18561
-79270
97597
28563
-84129
-34235
25016
-84871
68179
-26476
-58035
-92439
6856
79710
58467
61187
-75148
-42945
-49323
-12607
-12403
25458
27630
-25563
73830
51275
-13770
56119
-24019
-61696
56229
69315
51314
-24181
31619
45832
90776
-65183
78510
-90604
-50075
-13480
72372
48626
-88350
-17432
81278
-38914
-7787
8226
33125
5450
77039
40434
40762
431
-65800
24321
50402
3935
-37264
67866
-98422
16828
62061
-52703
54573
-8326
-288
67790
-35748
-80376
34529
48280
49285
-70
35713
-92343
-97016
-52340
76085
-66370
-77393
-64050
-99246
-32384
53477
-87983
94757
-21543
-33976
-62031
-64499
92841
-14364
-58130
-36283
-86243
-82765
-50607
36389
55330
-89639
3834
-14743
-66495
-24276
56954
-91424
76155
-11682
32844
85646
-67878
16293
56837
-57516
40750
-37519
13125
-79752
-72083
29650
47807
26778
1794
-25141
-65257
98367
-15636
-60794
-26086
-93181
76836
-28202
65525
11677
31597
76882
-94045
-58158
-77044
17263
-37607
68525
80932
-47189
-43904
61974
19831
-33308
60385
-81922
73383
-41233
-68327
-85073
-63455
84099
-6409
83672
41046
47974
-55265
65605
30298
-86346
22654
-51848
12120
-11815
42230
-32320
-24047
53068
3269
-9832
63095
-56442
3700
-1723
-94234
71036
-91829
-23201
60542
39949
-85181
36497
92971
39095
27251
-71654
-43313
-56278
14336
-95108
-20081
-43114
37614
55020
30224
61113
-95292
66654
-99831
83857
62268
2012
15154
-49529
-43658
68342
-19158
29767
51817
-52964
73271
79090
-23357
-57762
4707
93988
-62224
21059
80188
-77676
-55288
-78300
96061
16573
-75035
-5655
-21142
89062
-31308
82230
29980
34524
91949
24395
-57558
-75308
38136
7660
-10392
-68452
11704
5492
-24844
-21846
-77884
7552
63203
-72177
87098
-46010
43833
60301
-85847
85525
-45798
-17441
4824
-72962
-30082
-37216
43965
95788
-29697
86437
-34951
25986
32519
-81575
-12159
-97413
98067
-93466
25125
-13332
1762
6174
-87437
-25501
-32105
43433
40002
70925
-1245
-89076
-4041
-68329
-90633
-20380
82327
-81978
-69871
-16474
-56546
6368
79546
-6170
-32445
87628
-3218
-26256
-42718
-55830
-13112
40330
-58700
-57027
-36669
-31448
17637
8587
-9747
-18813
-66888
78729
41705
20481
86289
-24091
-47322
12729
-9613
-46153
69246
-51838
78085
-47743
41671
65569
-60070
43078
38834
13800
19570
25328
5740
-57328
4183
43844
29483
32884
16338
91969
-76249
-15230
11886
-63066
40788
-26632
-1606
-40378
-2838
-54996
-78711
30368
66116
-12811
23656
-5349
-33324
-10059
57148
-34915
21819
-85100
-89792
-40354
3572
-2569
67274
-37189
40945
24133
29105
61406
88718
35262
16479
-42996
51273
47240
-91583
56020
-8011
46704
-5035
25863
-57720
-44121
39250
32618
10305
90881
18256
423
68627
-39084
22262
44502
-52630
-60413
-42568
-33012
-9015
80555
-86306
-36060
-1745
60841
-90200
-98910
91918
-54987
-10488
-85228
7026
17015
-25694
37071
-74218
-31512
-43962
94873
-26329
69343
-94523
-55686
-5515
88217
24874
-88666
-53317
-67436
81597
73995
-91427
-56482
-82417
-81762
77963
34447
-97386
-53114
-35926
-16145
93741
-13678
93210
-52434
-6489
61564
-5036
20309
-80824
38367
-75061
1174
71410
-1298
-46757
-93185
29537
12014
-47003
64329
64135
-74957
20831
77842
88680
4672
51028
43615
37472
46316
-54026
-60361
26004
29609
3312
76953
9575
95552
-62633
-29664
74659
28689
94629
-73409
58716
96761
-86453
-66121
92769
13487
-59062
-1821
-44858
72522
-62842
-73298
56558
15598
-66977
-22936
-91866
-38396
-85328
76550
38907
-42622
-20875
8118
73683
-65320
73869
-1477
-77271
9932
-87024
37035
-6068
84942
39545
-65349
-63075
40037
76932
-88227
-95842
82894
11091
-94269
-39328
-76743
-5627
-47925
-94894
-53489
-91486
-40553
17177
-17820
19570
88128
-7291
-98669
19092
30806
11339
55297
-62414
-2412
53087
-35315
-67497
-42717
-8096
60714
74697
-58304
39460
-77277
51580
29232
-54433
-92373
-3378
29531
-37782
-61715
99889
97282
18235
-36048
22533
-38993
-59389
-80853
74946
9967
49233
98753
17832
-92110
92630
99348
-81184
26450
27280
-47473
-10832
70818
54840
77779
-12379
45868
-80384
59910
-28248
5404
-96056
-48223
-93832
-95011
99643
67915
-27336
72140
87537
96021
-71170
9020
-7583
7314
69905
-96032
-88502
-17614
37231
-56885
-30953
-57306
-32024
22632
-52268
24958
31266
-51222
-24958
25352
-94647
-64980
48036
39289
-57086
-87244
66045
87698
-13031
-24904
77010
-34334
-98391
4464
11956
-2572
56002
3657
-71786
52029
63467
-33375
17279
-44564
9022
74716
62764
-20231
-9710
77994
-40393
83084
43099
47971
92168
-88292
42345
-87224
-92948
-88702
-19299
-95830
26611
-49754
9175
44608
-69963
-76349
-66684
34268
99104
38349
-26156
-30504
65604
-5606
-20457
-33976
-30443
-18404
91907
39180
62221
10315
54461
90014
-79224
62052
-18666
-74127
97168
-14250
-30172
-64347
82184
84211
63547
-9382
149
60760
-61847
-97101
62257
-71531
-49668
64047
94344
29498
-28951
-65541
-58584
-11633
-35915
20973
-95206
8878
5843
74997
-48716
-90552
-79155
-5527
-33330
-9338
86426
-52008
4767
-3900
21771
-8468
-83909
-31435
56932
-58231
28659
67342
33373
10588
-70113
62769
56916
18363
-16332
76192
28507
57776
-50430
-89734
-80446
71030
49856
19879
-71936
67978
73728
-79910
22345
82279
10736
90971
-42574
60584
-88891
59944
85951
-44253
-33267
-60730
31752
-52984
-90728
-67432
-87283
66223
-52572
-4834
76932
-50171
97971
43104
69749
22258
35671
-18010
-67560
57687
74537
-67416
97116
-65022
-80188
59476
-48688
19482
41543
18165
-57464
92945
50222
-99145
32680
-33284
70134
46463
28212
91616
72215
71768
-94722
11914
63976
-38327
-34417
53443
-3875
-45739
-23961
-87813
68420
-66158
-39263
-51664
35673
88606
83034
6096
-97786
-10887
61245
-75413
85453
13581
57629
-5327
74910
50053
-62436
-40060
-64473
-58433
-59918
-92891
-23842
-84979
28618
99287
-72939
55079
-61847
-16390
-73404
45434
-82806
-89033
38098
69513
-79640
74666
37339
-31886
-16082
-73523
-64077
-58869
21156
-88401
75166
-26236
77092
-86350
20080
87159
-1245
76577
-16003
24789
55673
34233
-35085
81297
-42190
40942
-42262
81326
-7491
66901
14833
58756
-3950
43983
36649
91446
-10785
56733
78145
-95278
68496
46355
68993
-336
-21976
21442
74330
20346
48193
-75290
87001
51868
-76452
77046
47202
36415
84938
-28764
87108
-72730
81017
-99418
-74182
53466
17029
74335
-64993
53686
-87974
-16003
51783
13690
-99028
23482
-69946
64202
10156
17953
44318
-43063
27465
12131
2874
-61572
-46888
68851
92968
15196
44842
13545
-39914
-56794
-74421
-35933
96951
-87468
22175
71248
20772
-24527
-73022
-41724
-84568
-15372
4534
65723
67850
-54548
42391
-41563
-48953
65743
14470
32143
-2762
-79791
-62114
-41993
-1515
-23526
35498
-45402
-88760
93845
15211
-85559
44624
31471
8916
20731
-19734
57807
-73878
-54039
32841
41277
1454
-79598
15332
56222
47169
18647
88840
56903
47539
80274
42326
24466
-45189
-57041
58383
-30888
-77883
45506
-83804
95
88726
-39338
26689
-82439
-20953
-81909
-35714
-1214
-91506
-76655
-48627
-84579
-69534
-92895
-9622
-3527
98997
68685
31286
98976
8094
-81392
58488
-19201
65073
37500
-54456
-13836
-64228
74796
-16650
85725
-37883
-96810
20988
96013
-54731
-89223
-26279
-75992
20643
41215
66018
-30607
95639
98795
-19210
-68598
45890
-56356
-49027
-74597
-21659
37445
60964
29076
62893
69261
1029
-90426
-27482
-44432
85729
93200
93782
64857
-42032
-88022
-1191
38215
70955
53882
92438
-91323
-41818
3418
-39496
-21462
-36491
88104
86277
-25654
-25195
34812
-86731
57860
-71261
-20812
41025
11687
48896
-99450
-20601
-22518
-49560
-6490
49881
27261
36967
-38698
18419
-31047
-91805
-5279
-54015
84625
29411
52277
-34051
10423
-64272
42750
11823
-47864
21943
-84192
-19184
-9858
32054
-11859
37874
-26319
56406
-98193
-95508
26434
-2479
67584
43484
-76738
18229
-74556
51531
93788
80731
-97155
50481
36077
92129
-36842
36403
-52154
86023
-63705
25374
87538
70731
89742
13930
91312
24160
96232
14406
92109
-25799
-75026
-73550
97983
-87438
-5540
50230
-31696
10794
-86281
-24389
-5539
-50075
-63700
-80387
-69682
18742
71600
-9509
6610
-19947
61085
9785
-29979
-9844
5807
-29824
7363
11372
85654
77743
34237
13935
47296
-11581
-36861
-58680
-94294
-47035
45932
19079
61705
88767
70395
-40578
19219
-15370
60067
86763
-72308
61125
-60215
-46682
-27133
22198
-38067
54327
74957
-44089
69514
-16077
-43007
39003
-45059
-26136
39163
67184
76971
95512
48712
-97541
83649
33792
64645
-68507
10333
-36913
-58019
13574
42166
-73322
-48575
66402
89792
-59165
70197
-85481
16742
79308
-44328
-4195
-23414
20277
76743
-55085
41837
64059
-6728
11347
16746
-76961
-19453
-61077
-14015
-29052
13671
2949
35984
-85214
15857
17885
9246
-90181
27340
-21014
-88455
42241
18090
-12508
-8388
29997
-73062
-19687
77471
-41184
-29336
2615
-41465
-99395
-75115
82358
-19455
74562
66582
51804
26319
-60822
-88581
52477
45274
44339
-89571
85996
-24251
7760
-21995
48555
-98987
80736
-56249
-40526
92550
31225
-79673
72644
17766
67464
48838
77449
77156
43307
37626
-71666
-88512
-25306
48709
-38734
50470
61552
54172
9401
-7060
-83041
-18612
-78147
-60218
61267
52219
-15210
6299
-91095
23656
-43130
36532
60535
-26169
26863
-22764
-70207
59674
-94204
86564
-72590
55209
-24842
71991
44214
-16061
31472
32223
-79072
-45888
-5267
-75102
83153
6868
-75683
-5415
52538
21852
75805
2017
-83539
92864
-6571
-28220
58831
-41119
91459
-15145
-84402
-29028
-22776
66646
36690
8100
50540
-93349
92771
-70871
-67111
81290
44659
39431
71208
75312
-1828
-38606
-59789
-44356
-58406
-35109
-45536
6758
-25303
4101
95815
52135
-43593
-38850
97502
-23599
27570
-4349
60078
-76861
17600
-57103
7444
-67205
-84383
60174
36616
-58355
24961
-93578
96486
-89097
-85659
2161
23304
34557
93906
-17066
84931
-25400
3932
-85285
-18061
97213
-23348
43771
94189
95583
47166
20595
76034
-10944
-32872
-87921
83134
35240
-53825
-35065
-37331
87284
-60591
25245
-68012
14562
-71065
68175
64097
5147
-32374
-42135
83860
-1957
-59706
26266
-2012
-52289
-20179
-99440
30536
67433
69229
8566
16704
-61880
53688
-28163
92850
7315
-72090
92278
72461
58390
-9784
-36405
21272
32731
37738
-59475
24369
-44378
-27189
-78433
-52121
-54196
8238
-38060
-71007
-305
78045
88280
-52396
74739
5638
-80271
11273
-40782
38976
-41920
94449
13008
20867
76093
36673
-71062
-34876
35054
74653
1686
-18611
-82385
17507
50070
40486
-56810
-41758
-90111
-21633
76989
70821
97650
83691
63317
48206
-4741
-76386
85788
16812
39603
-62251
-4879
8573
40451
81158
-94639
-82920
-21945
-59984
-50
-29056
-88715
-24761
-65792
-47016
41247
34735
17773
62890
81959
26843
38665
-56099
70049
-96536
-93623
40239
81700
-12182
10592
-34111
23531
31302
12784
-85858
10852
-23788
-99394
34737
43962
51657
-8221
-9787
90526
86630
85142
6788
9591
-22306
27808
12523
40487
-5167
31966
99603
-43896
80229
-23832
-28014
-90567
-51602
-76848
91856
-87957
-25682
-35353
14213
7136
-4778
93841
-96052
17601
-80206
-67844
-14032
15344
72926
-34387
13262
859
63117
-77051
49311
-13942
16119
35144
16522
99859
65844
-4485
-7105
87112
50722
38281
14733
11654
-23288
-85994
4466
17912
20593
-6977
-46967
-71310
-56849
66876
-42154
39413
-1384
-95733
-9883
69763
-44368
-26177
-96178
-86768
32508
30940
-67474
84811
63762
-97735
86204
86500
23801
99671
71861
28039
-95605
69225
-66987
-69148
-59029
2973
-55970
-51098
52467
35743
2662
14483
85995
44348
-3821
33888
73583
42072
93400
-25388
-17741
-23712
51792
53301
-72638
-69877
-65399
-27464
-88565
54449
-12960
60368
-75083
-46905
-9212
32918
86408
49111
72575
12695
26891
9049
-75245
55691
54869
-30254
39780
-1099
-17074
1488
-2277
62381
-38122
-41492
-87167
59895
-64065
75917
-57102
-89870
-71636
-40858
75669
-91300
62269
62310
-96161
77337
-41157
94500
-64984
34318
34458
-31863
-53529
-2788
10147
35030
-54174
-36075
-50001
-8367
57868
-41264
-24247
54228
90064
-75295
-6857
-72483
19049
-5689
-10349
-28021
-79724
89810
82807
30335
88335
-3486
-6301
-11655
3122
-80713
-48613
41912
62080
42357
49625
-24242
-37752
53707
67949
29365
-31361
-18325
-19012
-88641
42289
-54332
-56259
74165
88620
-12253
-22872
18318
43850
-81576
52173
-35577
48055
-78553
61468
79121
-75565
-95136
-69830
57788
58689
43898
32655
88866
-26285
75903
-27161
-21642
-68542
-60113
-84265
8070
-66788
58141
99570
14092
52849
368
52992
-33740
24890
85894
-21875
70570
74495
60701
10427
48419
-77841
-40194
-72794
-34044
94423
28988
74995
35729
-9415
-41859
-14445
27102
51061
95909
32762
74542
75791
-36300
-36121
22798
14089
58590
83496
39979
93785
-1538
60967
-45982
57800
1109
11067
5826
-12812
-13154
-18417
-32220
19658
-46713
-74918
-30691
-89753
82835
78588
-40407
41322
-29268
-86628
83757
95060
82220
-26370
-20302
-48643
-71003
28633
-19425
54331
8953
-70858
66846
-74609
23743
11590
62517
31254
53039
32852
-42320
-681
59692
-38143
-18059
-69113
38022
-51488
-58929
93561
14616
-26396
11983
-10581
92164
-29317
78010
39578
73621
-92211
89063
18176
-75004
40247
23226
-96185
-52904
41346
9053
89844
-27272
-29301
73300
-48751
90011
24219
-84853
5806
90480
-4202
87764
66386
73764
39928
-44619
-56698
5163
-53015
-34401
63426
84316
-99940
-45523
-92589
65313
-67384
17967
-50139
-95640
-44069
-99444
41156
58065
-85817
39194
28139
92935
2711
54840
21464
-63261
-59710
-76636
-89345
-1554
41648
49410
56713
-2225
34856
4796
96930
-54082
-6932
-89437
-42336
18275
-49239
93711
49782
-27323
54352
58712
22647
-90506
-58893
-90486
-96999
64240
52702
13077
-29531
-9887
-94823
877
-77979
-25510
-6647
-53975
-34507
5915
-25515
-76616
-94756
3181
58658
86317
24655
-55997
61948
59800
48325
-87457
-31024
-62036
72665
48910
-43513
80626
-98920
-23877
71616
92849
-29709
-86323
6836
-30340
70091
-28133
13209
76526
-37847
65401
47250
-86778
-38965
57670
-84534
82948
-4215
62858
67570
-28994
60024
42979
24060
96937
-87866
-41106
78268
82164
-29751
29392
-76785
34799
29056
89554
6992
46078
94980
-21084
-85284
-79368
-68321
-68634
56826
83369
-25134
-77711
11972
5972
40167
63433
-44902
66156
-89718
-67645
-21694
-70368
-26316
-46884
-66242
91120
53566
56714
-80324
72009
28998
-46122
-53318
-91627
-64550
16879
557
54503
-14664
28874
-67183
-35380
34653
38018
20465
29546
-96356
-12656
98306
-69292
-23296
68298
2400
58390
-65885
68063
36856
-76876
32044
-62233
89441
-15012
52650
77953
84093
-66719
-83682
-35916
-61228
-25334
7980
889
-24550
-37046
-8054
69804
94851
-52650
8624
-15237
-61685
-57229
-94973
32429
83943
9607
-88319
44143
71879
-51715
-98477
32753
13801
-36319
44911
-50758
-84955
77398
11113
-3448
34992
-96929
-37391
84000
25308
-89469
-64962
23303
42864
90857
-73749
47007
-224
41718
-57780
82247
73187
30299
9480
-93356
-32520
-37072
-10700
88378
-61039
48645
72273
69273
25609
-40908
70963
29018
23516
63954
75602
75817
-29488
-64357
55756
-10835
68458
54766
29036
-83700
-40758
56418
26278
-99798
-3619
54742
42008
-34813
-19069
-43887
-67336
61710
4349
18097
8320
-8475
93436
-89091
18022
78283
38574
-25177
-45465
27936
-26188
92327
-71015
-14258
-826
-57478
-37401
8184
57423
-42972
1608
-89640
-93645
68442
27633
-68378
65253
53588
-77785
6916
-45066
-20099
56117
-3979
96720
66783
41409
65300
-59042
28610
50735
-15470
-34102
62652
-75716
25294
-56297
71602
82050
-33960
91581
53228
-73988
82906
83529
15368
15317
46184
-19237
21467
82347
-58505
-57186
16882
75661
55511
-45830
-4870
36518
52820
88897
46546
41550
-87184
29442
-16261
31224
58543
-57138
-21352
-24398
28478
-46097
-44246
6373
3861
-36063
-87213
-3067
188
95757
61387
56299
-5296
27057
33993
-82456
-35702
9698
-37510
-90458
-12891
-90321
-60867
-2853
19550
-90324
-24240
15180
-46902
-456
-6142
25282
-78842
37916
42845
-14195
30021
91896
16675
44199
-6571
-86413
-18864
-3355
31857
66229
-62350
-13359
-62484
-99480
-42652
-94347
-42964
83629
-81972
32163
58276
-96540
-54558
-41621
91301
13558
-21533
63052
75460
16224
-90059
80788
88663
33683
-85590
-29652
-93648
61338
-22035
-72596
-72014
90149
83153
-49530
86071
79422
24261
822
-78023
-84477
-20685
65641
-43148
-72451
59836
-54500
-45330
38822
-56846
-56755
-83742
-53988
48052
38350
78006
21994
-61422
-86659
-4283
-62584
55376
-98880
-67656
-69677
-83598
-72853
31786
-51370
3222
68568
65924
-97119
-16261
32240
43936
-52628
51727
-38989
-97780
-62115
-39244
22730
90942
-20734
-12152
-57377
20815
-78586
-16654
-39513
-38944
22258
-93413
-19614
-32946
-66136
60840
78934
-89135
-95741
-89421
-37242
93524
-31764
-1620
26277
-28822
66013
27769
70844
83497
45355
-83030
-99374
-26506
85661
74395
-64239
1874
-43155
34168
-66094
75450
14554
99999
26726
-91331
-78055
42457
96337
-41399
77789
-2086
-50130
41490
-41722
-72355
-61196
30673
58721
-70559
99118
-25525
21186
-95522
57487
9348
54767
-87280
-12922
33146
-59190
36519
-27278
-68682
38101
47019
-65485
-91997
98465
-87518
17790
31711
41292
13822
31005
91387
-29571
-98721
-37094
63227
-52981
54443
-91250
-97457
-89313
-76345
-22865
-79673
-93869
-41301
1813
-15252
29734
73150
74187
761
-92790
81568
-10551
36838
-72153
46197
40259
5046
66205
-30448
92262
49484
-39729
80660
-21254
69827
18516
-19266
67947
-19063
92701
36217
4963
-5672
-37631
-57268
44172
94143
-81012
-50814
39170
89781
39632
1507
94267
-80178
-71029
-52620
-99539
12124
56481
-98772
-66024
65623
-25374
-67004
59927
-1425
69047
-85924
-71366
42787
-99630
-39535
24066
-52311
-82225
-25934
-94644
-25665
-48252
39804
13216
-40322
-19327
-90708
-88772
-69180
-29998
99096
58173
54275
-43847
-25047
-38788
29890
-88026
-59163
57455
90595
-71705
64076
84671
92774
76647
-33687
61928
-58863
68988
-90461
25375
-13102
-80630
-48957
-36659
43685
-68492
61615
-20185
-31988
-7624
32635
24525
-45947
95269
-76003
-71219
79316
7200
-37845
92139
-2829
-21870
-89777
68384
40945
-11872
383
63654
22739
-47608
40842
90721
63781
-83652
-21836
53073
-45904
-53944
-86346
65663
85815
-36773
88805
74507
-78221
-74061
-71429
13099
-60810
-57875
-83611
-70295
-56028
-95940
-41106
17128
86549
-33353
36906
-79119
-34758
-58599
-85264
-31161
-12198
91957
-36022
92780
47188
-60716
40765
-40374
-56474
63645
-46335
52884
66233
-85008
56096
-42745
-99335
-94328
75327
-23256
58202
51992
76089
92618
41355
-42244
23913
-50593
30115
37817
99986
76807
96538
-86330
57859
74070
-63597
-2181
35971
-53749
54403
-24164
3682
84031
-36229
-77667
23138
15979
96452
46191
21161
-62508
-32720
-29116
-9689
-54457
-20340
99290
-24195
-3861
-62611
21777
-98954
-77694
3347
-43833
65120
1863
-89364
13769
-97908
-80855
-71984
-36956
5240
98391
-62925
-62446
84236
-27809
-37610
89740
61539
-52410
47147
46053
29045
22735
-82016
33170
-57643
15154
-71267
-92230
-65602
-26221
-56644
-48144
-55968
59297
75748
92654
-81109
-33137
50283
-75899
-49260
67242
30435
84791
31982
-16027
-77589
19526
93029
-78685
-40259
46580
26397
-99921
-23561
-22288
56668
38906
-5199
-99209
-61475
-62892
12173
-51265
92448
42578
1427
71146
-16319
-85123
22839
-77477
-62330
22553
-18545
-83906
3982
62579
15375
-94464
67191
6518
68082
-90889
55503
-75170
2988
69283
5089
-70653
-41741
42205
-58633
-28950
-70022
92427
44265
-70589
-34797
-58711
-69476
24305
15747
-14746
82719
70710
10956
93269
70788
22563
2300
-33858
-5301
-67298
5804
-48678
-37328
-54936
-50800
-28395
-23522
44060
-64106
-74178
-10510
17682
-92595
72966
-11029
58107
-72840
88744
44176
52657
-83875
-61938
-46712
-90971
-11165
77966
-4450
51363
-4718
12028
-79341
57088
-71876
-49802
96242
-52636
-38849
-55085
-70573
-42741
17589
-31347
69727
55157
-94074
13897
38194
85661
-13100
-41617
85944
79066
-70443
96331
-15929
-99676
-76956
68846
63267
18299
25135
-36909
36317
-31465
-42997
61307
96877
-63309
8307
-82758
-43170
-11949
-96175
40565
23442
-99101
25825
37866
32890
1768
14084
-44910
-93281
28365
76071
77842
57285
-58714
3284
94129
-75171
-18498
69932
11543
60371
59580
70040
-84148
99162
34115
-79380
34735
-57089
33837
28735
47069
64037
10114
43441
-71348
25053
-57375
-62914
60228
94571
-987
1263
-94796
85316
-66225
-25443
-66681
38014
23800
-59944
53265
30507
-90809
-87306
-89763
-30747
79182
41791
99633
10795
43021
-1095
58443
-35202
56736
-95333
-2525
9866
-4069
-51774
72890
-81409
-95914
89743
7405
28352
80950
64135
33817
-72067
-80431
92702
-83932
91172
50617
5869
-99763
64871
81145
-38404
57541
-39955
8363
-54085
-78145
-87412
49583
-86586
-51870
73161
-24352
-90292
-89222
17914
60878
20968
-74286
-90544
-72064
-9039
69090
74289
23677
-95758
-73308
-27053
1099
56607
1653
91960
56957
-59889
98497
-63318
29413
12572
-22707
60259
-95066
-93982
20226
-67597
-93209
-63779
81585
1053
10756
-96791
12392
-61525
-46212
20721
-66487
75633
82890
-54631
73469
-46216
32638
-97064
-13987
28587
87163
62833
15893
-62756
49698
79482
-66615
24116
19393
61350
91242
2684
-8012
-4148
-8918
94869
61963
26578
98473
61451
-5621
-86421
-30249
-78098
18406
20391
-23311
73685
229
-4966
66680
-8975
63468
75130
57923
52917
-92298
35211
-27862
-29631
42682
-97775
97888
-25664
35406
97668
-17529
-74322
-42214
-7242
88638
42438
-56347
12423
-32506
8969
-94516
-79002
59436
77580
-51348
-43975
-88679
87464
-64869
-34146
5172
6635
77990
28549
72941
3819
-50631
-23783
-63701
-32173
68411
-5218
27045
72109
-69073
-72137
-36104
-14556
21308
-56503
-98046
-25406
-51241
16856
-53802
-6764
-13188
88414
17592
84088
-1063
-79469
-56889
67647
38638
-34483
-68360
97230
-49105
-86063
99409
25760
8175
41453
-75383
-36589
-48456
8369
27338
83212
67195
57903
-2105
420
-93569
61348
60134
33884
-45605
-15986
36933
-89094
7181
6058
9443
39836
78161
17572
23118
16129
74555
-52825
28327
-94320
-60635
-50257
10254
83454
46019
-99890
49495
34746
-77395
92706
31944
-96567
3695
11737
-35438
73873
-6750
24364
-61173
-43049
-11098
81274
-11532
42380
-77817
47644
17436
-84608
-71054
72981
-26509
80342
79786
84195
-61004
27292
63648
-68788
76307
-45402
-45372
-67510
-65271
86194
-79245
74669
69205
56077
19068
616
-73034
2002
-17323
-84932
-21049
-4196
76003
30715
46886
-71765
-53039
45142
25963
-29468
36233
-27826
42940
-44387
-16196
67362
-66991
-97209
31501
-28816
-15035
-58565
-83087
28475
-86623
92996
-56238
-7197
10026
-97948
-85959
59163
22775
55485
-70483
-36869
-40099
-69130
86331
76570
-93587
12557
72447
-77633
-92330
-45917
76801
-8854
-99076
-23269
79361
-3717
59155
-81393
34025
73810
-53447
52519
-72834
29029
-98828
68929
45864
16658
18406
10667
-54565
40628
38175
36802
-74506
-20805
-21919
-50291
-12096
96443
52536
-81481
-42066
53215
-99048
17799
90228
85445
51951
-90098
-74928
56061
85590
-25642
-2777
47261
45583
30502
-60736
-80175
-83461
23964
60988
99414
-38093
-59486
-40880
54925
-38474
-79076
-82033
98737
-7994
2110
33411
22057
64772
42397
-80798
29700
-72263
-9695
39240
2088
52444
53618
83876
23209
-53346
77515
45876
98870
10465
7129
-90223
84836
9116
-73868
-95740
-94352
-82498
-22670
-70913
35060
34564
-90489
1990
70425
-48202
76654
56693
37234
-47156
89057
77210
838
-99394
-78399
-31021
-64498
55752
-19467
-60384
-69316
-39152
-65164
80538
-70815
-1379
53740
60930
-54897
66377
94510
-94882
54633
61599
58424
56743
-68861
-5482
69077
-22393
-17098
73637
-35885
15914
-55158
-48542
99355
38107
-97152
-77328
36774
-80846
-70024
-58287
-11725
-35400
75258
21289
-42989
-34516
-10394
-41298
-9412
91696
10978
-95344
44940
-80949
92015
-99724
55625
-34082
-98850
-68334
77123
-97653
-6748
75032
-79645
-11155
-97876
38828
-38049
53710
-82099
86855
-75020
-90927
39990
-88514
16135
-79912
-34035
-66747
-14750
-44058
-39351
56612
-7356
27531
19725
-76291
-51745
-93274
98594
-45124
-47029
-72135
-54836
-7280
-72680
8
75619
-75896
61093
44439
-21413
-16696
-67404
-29877
-90379
-9760
-78646
-56862
-24973
82870
-43597
-57097
-28268
90005
-92339
-60233
48629
63210
59572
-54661
-87736
89842
-2610
-950
34160
-45355
2186
-47482
-7380
-66578
30653